4
07
17
4
07
17
0
0
0
4
15
09
17
15
42
17
6
2
2683
0
0
0
314159265
61
2
251
180000
314159265
0.1
97.6
223.211
223.6
264.4
322.5
385.211
385.6
387.211
387.6
419.4
510.5
569.211
569.6
570.211
570.6
623.211
623.6
712.211
712.6
739.211
739.6
835.211
835.6
837.211
837.6
904.211
904.6
995.211
995.6
997.211
997.6
1024.211
1024.6
1154.211
1154.6
1155.211
1155.6
1198.211
1198.6
1285.211
1285.6
1387.211
1387.6
1389.211
1389.6
1473.211
1473.6
1563.211
1563.6
1643.211
1643.6
1645.211
1645.6
1693.211
1693.6
1829.211
1829.6
1866.211
1866.6
1945.211
1945.6
2034.211
2034.6
2101.211
2101.6
2332.211
2332.6
2372.211
2372.6
2432.211
2432.6
2433.211
2433.6
2503.211
2503.6
2641.211
2641.6
2642.211
2642.6
2758.211
2758.6
2760.211
2760.6
2869.211
2869.6
3053.211
3053.6
3054.211
3054.6
3241.211
3241.6
3410.211
3410.6
3782.212
3782.6
3842.2
3842.4
4042.3
4104.5
4133.4
4229.5
4233.4
4235.5
4249.4
4277.5
4625.6
4627.6
4671.6
4732.6
4810.6
4842.1
4878.6
4922.211
4922.6
4980.211
4980.6
5002.211
5002.6
5067.211
5067.6
5094.211
5094.6
5151.211
5151.6
5194.4
5265.5
5331.211
5331.6
5334.211
5334.6
5368.4
5470.5
5543.211
5543.6
5545.211
5545.6
5618.211
5618.6
5620.211
5620.6
5669.4
5881.5
5977.212
5977.6
5978.6
6027.2
6027.4
6227.3
6275.5
6296.4
6342.5
6423.4
6466.5
6471.4
6512.5
6527.4
6567.5
6572.4
6574.5
6639.4
6652.5
6661.4
6709.5
6801.4
6805.5
6820.4
7027.1
7194.5
7198.4
7220.5
7224.4
7228.5
7382.6
7438.4
7506.5
7575.211
7575.6
7620.4
7666.5
7745.211
7745.6
7747.211
7747.6
7792.4
7990.5
8072.212
8072.6
8074.6
8121.2
8121.4
8321.3
8369.5
8406.4
8411.5
8416.4
8425.5
8516.4
8517.5
8522.4
8551.5
8810.6
8910.6
9002.6
9085.6
9116.6
9121.1
9171.6
9199.211
9199.6
9281.211
9281.6
9283.211
9283.6
9304.211
9304.6
9355.211
9355.6
9418.211
9418.6
9451.211
9451.6
9480.211
9480.6
9552.211
9552.6
9593.211
9593.6
9636.211
9636.6
9638.211
9638.6
9644.211
9644.6
9716.211
9716.6
9718.211
9718.6
9759.4
9827.5
9898.211
9898.6
9900.211
9900.6
9948.4
9978.5
10042.211
10042.6
10044.211
10044.6
10121.211
10121.6
10168.211
10168.6
10205.211
10205.6
10271.211
10271.6
10330.211
10330.6
10381.211
10381.6
10463.211
10463.6
10562.211
10562.6
10603.211
10603.6
10707.211
10707.6
10709.211
10709.6
10802.211
10802.6
10804.211
10804.6
10854.211
10854.6
10855.211
10855.6
10895.4
10939.5
11024.211
11024.6
11026.211
11026.6
11085.4
11087.5
11157.211
11157.6
11163.211
11163.6
11224.211
11224.6
11294.211
11294.6
11347.211
11347.6
11406.211
11406.6
11492.211
11492.6
11559.211
11559.6
11589.211
11589.6
11677.211
11677.6
11679.211
11679.6
11754.211
11754.6
11820.211
11820.6
11892.211
11892.6
11939.4
11982.5
12108.211
12108.6
12149.211
12149.6
12282.211
12282.6
12459.211
12459.6
12502.4
12531.5
12596.211
12596.6
12604.211
12604.6
12680.211
12680.6
12733.4
12736.5
12812.211
12812.6
12961.211
12961.6
12962.211
12962.6
13134.211
13134.6
13221.211
13221.6
13225.211
13225.6
13419.211
13419.6
13618.211
13618.6
13812.211
13812.6
13931.211
13931.6
14160.211
14160.6
14224.211
14224.6
14365.211
14365.6
14583.211
14583.6
14605.211
14605.6
15097.212
15097.6
15160.2
15160.4
15360.3
15419.5
15694.6
15801.6
15879.6
15881.6
15953.6
15955.6
16087.6
16160.1
16162.6
16203.4
16225.5
16299.211
16299.6
16302.211
16302.6
16411.211
16411.6
16413.211
16413.6
16471.211
16471.6
16511.4
16525.5
16678.211
16678.6
16680.211
16680.6
16802.211
16802.6
16893.4
16937.5
17067.211
17067.6
17168.211
17168.6
17211.4
17224.5
17335.211
17335.6
17336.211
17336.6
17341.211
17341.6
17376.4
17383.5
17472.211
17472.6
17616.4
17655.5
17897.212
17897.6
17983.2
17983.4
18183.3
18269.5
18460.6
18700.6
18775.6
18888.6
18950.6
18951.6
18956.6
18981.6
18983.1
19038.6
19089.211
19089.6
19176.211
19176.6
19239.211
19239.6
19241.211
19241.6
19248.211
19248.6
19347.211
19347.6
19349.211
19349.6
19442.211
19442.6
19540.211
19540.6
19660.211
19660.6
19662.211
19662.6
19834.211
19834.6
19836.211
19836.6
19873.4
19911.5
19993.211
19993.6
20142.211
20142.6
20278.211
20278.6
20280.211
20280.6
20317.4
20320.5
20385.211
20385.6
20387.211
20387.6
20444.4
20487.5
20555.211
20555.6
20557.211
20557.6
20654.211
20654.6
20703.4
20714.5
20783.211
20783.6
20784.211
20784.6
20929.211
20929.6
20930.211
20930.6
20939.211
20939.6
21017.4
21021.5
21031.4
21040.5
21110.211
21110.6
21112.211
21112.6
21197.211
21197.6
21198.211
21198.6
21296.211
21296.6
21389.211
21389.6
21621.211
21621.6
21676.211
21676.6
21934.211
21934.6
22000.211
22000.6
22111.211
22111.6
22112.211
22112.6
22326.211
22326.6
22398.211
22398.6
22509.211
22509.6
22742.211
22742.6
22882.211
22882.6
23110.211
23110.6
23165.211
23165.6
23257.211
23257.6
23536.211
23536.6
23868.212
23868.6
23870.6
23916.2
23916.4
24116.3
24173.5
24673.6
24746.6
24751.6
24834.6
24916.1
24939.6
24943.211
24943.6
25001.4
25011.5
25081.211
25081.6
25083.211
25083.6
25119.4
25134.5
25243.211
25243.6
25349.211
25349.6
25473.211
25473.6
25649.211
25649.6
25651.211
25651.6
25704.211
25704.6
25710.211
25710.6
25917.211
25917.6
25923.211
25923.6
25947.211
25947.6
25998.211
25998.6
26000.211
26000.6
26058.211
26058.6
26148.211
26148.6
26153.211
26153.6
26248.211
26248.6
26249.211
26249.6
26333.211
26333.6
26976.212
26976.6
27019.2
27019.4
27219.3
27276.5
27776.6
27928.6
27981.6
27983.6
28019.1
28079.6
28198.211
28198.6
28310.211
28310.6
28402.211
28402.6
28461.211
28461.6
28547.211
28547.6
28625.211
28625.6
28711.211
28711.6
28933.211
28933.6
29034.211
29034.6
29109.211
29109.6
29192.211
29192.6
29301.211
29301.6
29472.211
29472.6
29476.211
29476.6
29571.211
29571.6
29654.211
29654.6
29656.211
29656.6
29831.211
29831.6
30015.211
30015.6
30458.212
30458.6
30478.6
30516.2
30516.4
30716.3
30759.5
31246.6
31516.1
31673.6
31696.211
31696.6
31786.211
31786.6
31982.211
31982.6
32078.211
32078.6
32079.211
32079.6
32085.211
32085.6
32517.212
32517.6
32584.2
32584.4
32784.3
32831.5
33311.6
33557.6
33584.1
33631.6
33707.211
33707.6
33717.211
33717.6
33765.211
33765.6
33911.211
33911.6
33972.211
33972.6
34064.211
34064.6
34067.211
34067.6
34143.211
34143.6
34145.211
34145.6
34255.211
34255.6
34257.211
34257.6
34406.211
34406.6
34459.4
34463.5
34492.4
34509.5
34526.4
34528.5
34542.4
34543.5
34701.211
34701.6
34817.211
34817.6
34939.211
34939.6
35039.211
35039.6
35045.211
35045.6
35215.211
35215.6
35280.211
35280.6
35283.211
35283.6
35319.211
35319.6
35764.212
35764.6
35805.2
35805.4
36005.3
36057.5
36076.4
36084.5
36515.6
36517.6
36648.6
36653.6
36767.6
36805.1
36823.6
36825.211
36825.6
36861.4
36869.5
36982.211
36982.6
36983.211
36983.6
37025.211
37025.6
37026.211
37026.6
37032.211
37032.6
37149.211
37149.6
37280.211
37280.6
37282.211
37282.6
37357.211
37357.6
37437.4
37477.5
37580.211
37580.6
37582.211
37582.6
37750.211
37750.6
37757.211
37757.6
37871.211
37871.6
37872.211
37872.6
37881.211
37881.6
38040.211
38040.6
38323.211
38323.6
38326.211
38326.6
38413.211
38413.6
38511.211
38511.6
38886.212
38886.6
38888.6
38905.6
38947.2
38947.4
39147.3
39205.5
39614.6
39668.4
39700.5
39947.1
40166.6
40168.211
40168.6
40250.211
40250.6
40251.211
40251.6
40413.211
40413.6
40418.211
40418.6
40526.211
40526.6
40669.211
40669.6
40871.211
40871.6
40973.4
40994.5
41198.212
41198.6
41258.2
41258.4
41458.3
41511.5
42258.1
42370.6
42371.211
42371.6
42569.211
42569.6
42647.4
42653.5
42744.211
42744.6
42748.211
42748.6
42917.211
42917.6
43243.212
43243.6
43245.6
43321.2
43321.4
43521.3
43574.5
44321.1
44337.6
44339.211
44339.6
44409.211
44409.6
44607.211
44607.6
44675.4
44695.5
44829.211
44829.6
44831.211
44831.6
44874.211
44874.6
44886.211
44886.6
44953.211
44953.6
45313.212
45313.6
45365.2
45365.4
45565.3
45620.5
46029.6
46035.6
46220.6
46365.1
46535.6
46537.211
46537.6
46635.211
46635.6
46678.4
46687.5
46690.4
46719.5
46885.211
46885.6
46939.4
46946.5
47130.211
47130.6
47212.211
47212.6
47214.211
47214.6
47438.211
47438.6
47554.4
47579.5
47640.211
47640.6
47643.211
47643.6
47785.211
47785.6
48137.212
48137.6
48182.2
48182.4
48382.3
48427.5
48983.6
49042.6
49049.6
49163.4
49182.1
49196.5
49423.6
49504.211
49504.6
49508.211
49508.6
49537.211
49537.6
49660.211
49660.6
49809.211
49809.6
49810.211
49810.6
50041.211
50041.6
50193.211
50193.6
50199.211
50199.6
50318.211
50318.6
50320.211
50320.6
50486.211
50486.6
50873.212
50873.6
50938.2
50938.4
51138.3
51186.5
51938.1
52084.6
52086.211
52086.6
52206.211
52206.6
52293.4
52357.5
52440.211
52440.6
52441.211
52441.6
52534.211
52534.6
52535.211
52535.6
52686.4
52748.5
52853.212
52853.6
52913.2
52913.4
53113.3
53170.5
53913.1
54031.6
54100.211
54100.6
54103.211
54103.6
54276.211
54276.6
54485.211
54485.6
54487.211
54487.6
54550.4
54573.5
54748.211
54748.6
54750.211
54750.6
54840.211
54840.6
54906.211
54906.6
54909.211
54909.6
54973.211
54973.6
55253.211
55253.6
55256.211
55256.6
55307.211
55307.6
55308.211
55308.6
55425.211
55425.6
55467.211
55467.6
55474.211
55474.6
55601.211
55601.6
55660.211
55660.6
55948.211
55948.6
56114.211
56114.6
56170.211
56170.6
56172.211
56172.6
56371.211
56371.6
56372.211
56372.6
56495.4
56564.5
56954.4
56967.5
57039.212
57039.6
57081.2
57081.4
57281.3
57335.5
58081.1
58155.6
58282.211
58282.6
58287.211
58287.6
58423.211
58423.6
58934.212
58934.6
58992.2
58992.4
59192.3
59246.5
59951.6
59992.1
60170.6
60322.211
60322.6
60559.211
60559.6
60563.211
60563.6
60716.211
60716.6
60718.211
60718.6
60906.211
60906.6
61026.211
61026.6
61272.211
61272.6
61274.211
61274.6
61370.211
61370.6
61533.211
61533.6
61535.211
61535.6
61738.211
61738.6
62417.212
62417.6
62478.2
62478.4
62678.3
62733.5
62869.4
62908.5
63478.1
63507.6
63550.4
63590.5
63676.211
63676.6
63710.4
63726.5
63803.211
63803.6
63804.211
63804.6
63931.211
63931.6
64158.211
64158.6
64514.212
64514.6
64587.2
64587.4
64787.3
64834.5
65587.1
66248.6
66320.211
66320.6
66784.212
66784.6
66787.6
66835.2
66835.4
67035.3
67083.5
67199.4
67337.5
67835.1
68192.6
68322.211
68322.6
68475.211
68475.6
68536.211
68536.6
68539.211
68539.6
68817.211
68817.6
68893.211
68893.6
70052.212
70052.6
70107.2
70107.4
70307.3
70350.5
71107.1
71363.6
71534.211
71534.6
71615.4
71624.5
71712.211
71712.6
71889.211
71889.6
72034.211
72034.6
72339.212
72339.6
72390.2
72390.4
72590.3
72639.5
72740.4
72787.5
72788.4
72791.5
73390.1
73715.6
73839.211
73839.6
74049.211
74049.6
74153.211
74153.6
74272.211
74272.6
74273.211
74273.6
74424.211
74424.6
74513.211
74513.6
74632.211
74632.6
74796.211
74796.6
74798.211
74798.6
74951.211
74951.6
75111.211
75111.6
75203.4
75207.5
75356.211
75356.6
75408.211
75408.6
75413.211
75413.6
75515.211
75515.6
75517.211
75517.6
75660.211
75660.6
75667.211
75667.6
75936.211
75936.6
76014.4
76054.5
76130.211
76130.6
76133.211
76133.6
76373.211
76373.6
76417.211
76417.6
76419.211
76419.6
76586.211
76586.6
76830.211
76830.6
77090.211
77090.6
77171.211
77171.6
77446.211
77446.6
77448.211
77448.6
77512.211
77512.6
77620.211
77620.6
77622.211
77622.6
77699.211
77699.6
77983.211
77983.6
77987.211
77987.6
78313.212
78313.6
78315.6
78384.2
78384.4
78584.3
78629.5
78631.4
78665.5
79193.4
79199.5
79355.6
79384.1
79606.6
79720.211
79720.6
79836.4
79865.5
79991.211
79991.6
79993.211
79993.6
80231.211
80231.6
80388.211
80388.6
80607.211
80607.6
80612.211
80612.6
80847.211
80847.6
80968.211
80968.6
81070.211
81070.6
81275.211
81275.6
81639.212
81639.6
81698.2
81698.4
81898.3
81948.5
82432.6
82698.1
83072.6
83142.211
83142.6
83662.212
83662.6
83664.6
83708.2
83708.4
83908.3
83966.5
84056.4
84118.5
84497.6
84708.1
84728.6
84892.211
84892.6
84998.211
84998.6
85426.212
85426.6
85478.2
85478.4
85678.3
85729.5
86431.6
86478.1
86489.6
86626.211
86626.6
86739.211
86739.6
86958.211
86958.6
86961.211
86961.6
87062.211
87062.6
87179.211
87179.6
87343.211
87343.6
87407.211
87407.6
87489.4
87523.5
87645.211
87645.6
87649.211
87649.6
87762.211
87762.6
87850.211
87850.6
87903.211
87903.6
87941.211
87941.6
87942.211
87942.6
87997.211
87997.6
88037.211
88037.6
88119.211
88119.6
88245.211
88245.6
88246.211
88246.6
88441.211
88441.6
88583.211
88583.6
88756.211
88756.6
88845.211
88845.6
88918.211
88918.6
89101.211
89101.6
89102.211
89102.6
89383.211
89383.6
89421.211
89421.6
89422.211
89422.6
89568.211
89568.6
89659.211
89659.6
89663.211
89663.6
89732.211
89732.6
89734.211
89734.6
89739.211
89739.6
89870.211
89870.6
89923.211
89923.6
89925.211
89925.6
90148.211
90148.6
90210.211
90210.6
90213.211
90213.6
90254.211
90254.6
90411.211
90411.6
90610.211
90610.6
90969.212
90969.6
91020.2
91020.4
91220.3
91264.5
91267.4
91273.5
91351.4
91413.5
91431.4
91435.5
91831.6
91896.6
92020.1
92058.6
92278.211
92278.6
92281.211
92281.6
92564.211
92564.6
92565.211
92565.6
92635.211
92635.6
92636.211
92636.6
92644.211
92644.6
92796.211
92796.6
92798.211
92798.6
92853.211
92853.6
92938.211
92938.6
93000.211
93000.6
93068.211
93068.6
93069.211
93069.6
93223.211
93223.6
93329.211
93329.6
93676.212
93676.6
93680.6
93743.2
93743.4
93943.3
94032.5
94422.6
94743.1
94794.6
94886.211
94886.6
95007.211
95007.6
95010.211
95010.6
95166.211
95166.6
95169.211
95169.6
95260.4
95321.5
95410.211
95410.6
95766.212
95766.6
95830.2
95830.4
96030.3
96082.5
96583.4
96633.5
96751.6
96806.6
96830.1
96856.6
97219.212
97219.6
97221.6
97262.6
97332.6
97381.2
97381.4
97391.5
97392.4
97581.3
97637.5
97639.4
97679.5
97683.4
97684.5
97986.6
97992.6
98154.6
98381.1
98407.6
98546.211
98546.6
98693.211
98693.6
98732.211
98732.6
98915.211
98915.6
99024.211
99024.6
99027.211
99027.6
99130.211
99130.6
99203.211
99203.6
99299.211
99299.6
99301.211
99301.6
99386.211
99386.6
99513.211
99513.6
99519.211
99519.6
99607.211
99607.6
99811.211
99811.6
99816.211
99816.6
99851.211
99851.6
99852.211
99852.6
99906.211
99906.6
99908.211
99908.6
99985.211
99985.6
99986.211
99986.6
100036.211
100036.6
100107.211
100107.6
100109.211
100109.6
100190.211
100190.6
100258.211
100258.6
100384.211
100384.6
100386.211
100386.6
100447.211
100447.6
100615.211
100615.6
100616.211
100616.6
100803.211
100803.6
100833.211
100833.6
100869.211
100869.6
100900.211
100900.6
100960.4
101009.5
101122.211
101122.6
101125.211
101125.6
101190.211
101190.6
101345.211
101345.6
101348.211
101348.6
101409.211
101409.6
101578.211
101578.6
101579.211
101579.6
101665.211
101665.6
101757.211
101757.6
101759.211
101759.6
101873.211
101873.6
101874.211
101874.6
101902.211
101902.6
101996.211
101996.6
101999.211
101999.6
102141.211
102141.6
102302.211
102302.6
102304.211
102304.6
102314.211
102314.6
102364.211
102364.6
102366.211
102366.6
102491.211
102491.6
102665.211
102665.6
102786.211
102786.6
102789.211
102789.6
102877.4
102888.5
103094.212
103094.6
103095.6
103158.2
103158.4
103358.3
103407.5
103946.6
104066.6
104158.1
104256.6
104267.211
104267.6
104325.211
104325.6
104449.211
104449.6
104451.211
104451.6
104568.211
104568.6
104683.211
104683.6
104685.211
104685.6
104760.211
104760.6
104779.211
104779.6
104911.211
104911.6
104953.211
104953.6
105109.211
105109.6
105110.211
105110.6
105219.211
105219.6
105416.211
105416.6
105418.211
105418.6
105492.211
105492.6
105499.211
105499.6
105692.211
105692.6
105776.211
105776.6
105879.211
105879.6
105880.211
105880.6
105886.211
105886.6
106017.211
106017.6
106481.212
106481.6
106482.6
106535.2
106535.4
106735.3
106777.5
106781.4
106789.5
107535.1
107642.6
107644.211
107644.6
107757.211
107757.6
107759.211
107759.6
107953.211
107953.6
108107.211
108107.6
108294.211
108294.6
108469.211
108469.6
108730.211
108730.6
108731.211
108731.6
108915.211
108915.6
108963.211
108963.6
108965.211
108965.6
109110.211
109110.6
109232.4
109369.5
109378.4
109403.5
109414.4
109417.5
109584.212
109584.6
109710.2
109710.4
109910.3
109955.5
109974.4
110001.5
110002.4
110007.5
110313.6
110443.6
110506.4
110548.5
110710.1
110770.6
110831.211
110831.6
110997.211
110997.6
111152.211
111152.6
111389.211
111389.6
111391.211
111391.6
111396.211
111396.6
111435.211
111435.6
111538.211
111538.6
111782.211
111782.6
111784.211
111784.6
111894.211
111894.6
112162.211
112162.6
112246.211
112246.6
112365.211
112365.6
112511.211
112511.6
112512.211
112512.6
112523.211
112523.6
112610.211
112610.6
112682.211
112682.6
112920.211
112920.6
112950.211
112950.6
113026.211
113026.6
113134.211
113134.6
113142.211
113142.6
113272.211
113272.6
113286.211
113286.6
113352.211
113352.6
113492.211
113492.6
114000.212
114000.6
114045.2
114045.4
114245.3
114295.5
114895.6
115003.4
115012.5
115045.1
115350.6
115647.211
115647.6
115828.211
115828.6
116255.212
116255.6
116257.6
116301.2
116301.4
116501.3
116541.5
117301.1
117372.6
117463.211
117463.6
117464.211
117464.6
117575.211
117575.6
117744.4
117754.5
117871.211
117871.6
118034.211
118034.6
118037.211
118037.6
118140.4
118151.5
118276.8
118609.8
118968.212
118968.6
119011.2
119011.4
119211.3
119253.5
119255.4
119260.5
119761.6
119929.6
120011.1
120033.6
120237.211
120237.6
120240.211
120240.6
120336.211
120336.6
120525.211
120525.6
120595.211
120595.6
120598.211
120598.6
120700.211
120700.6
120830.211
120830.6
120836.211
120836.6
121039.211
121039.6
121040.211
121040.6
121078.211
121078.6
121142.211
121142.6
121432.211
121432.6
121526.211
121526.6
121530.211
121530.6
121612.211
121612.6
121678.211
121678.6
121861.211
121861.6
122028.211
122028.6
122147.211
122147.6
122150.211
122150.6
122320.211
122320.6
122655.212
122655.6
122657.6
122697.2
122697.4
122897.3
122942.5
123629.6
123673.6
123697.1
123739.6
123785.211
123785.6
123931.211
123931.6
124175.211
124175.6
124218.211
124218.6
124332.211
124332.6
124563.211
124563.6
124567.211
124567.6
124607.211
124607.6
124706.211
124706.6
124864.4
124876.5
124958.211
124958.6
125055.211
125055.6
125124.4
125161.5
125221.4
125230.5
125403.212
125403.6
125466.2
125466.4
125666.3
125722.5
126466.1
126510.6
126512.211
126512.6
126658.211
126658.6
126779.211
126779.6
126888.211
126888.6
127187.211
127187.6
127296.211
127296.6
127354.211
127354.6
127499.211
127499.6
127890.212
127890.6
127892.6
127943.2
127943.4
128143.3
128189.5
128800.6
128943.1
129013.6
129060.211
129060.6
129352.211
129352.6
129479.211
129479.6
129761.211
129761.6
129793.211
129793.6
129908.211
129908.6
129911.211
129911.6
130143.211
130143.6
130148.211
130148.6
130315.211
130315.6
130516.211
130516.6
130753.211
130753.6
130754.211
130754.6
130758.211
130758.6
130904.211
130904.6
131048.211
131048.6
131238.211
131238.6
131242.211
131242.6
131291.211
131291.6
131361.211
131361.6
131364.211
131364.6
131660.211
131660.6
131757.211
131757.6
131762.211
131762.6
131900.211
131900.6
132075.211
132075.6
132324.211
132324.6
132445.211
132445.6
132958.212
132958.6
132963.6
132993.2
132993.4
133193.3
133246.5
133928.6
133993.1
134108.6
134607.212
134607.6
134608.6
134648.2
134648.4
134848.3
134890.5
135144.4
135188.5
135648.1
136018.6
136115.211
136115.6
136116.211
136116.6
136386.211
136386.6
136447.211
136447.6
136450.211
136450.6
136538.211
136538.6
136817.211
136817.6
136823.211
136823.6
136865.211
136865.6
136867.211
136867.6
137178.212
137178.6
137179.6
137192.6
137235.2
137235.4
137435.3
137479.5
137481.4
137483.5
138141.6
138235.1
138274.6
138368.211
138368.6
138551.211
138551.6
138554.211
138554.6
138621.4
138640.5
138761.211
138761.6
138786.211
138786.6
138788.211
138788.6
138887.211
138887.6
138975.211
138975.6
138977.211
138977.6
139726.212
139726.6
139777.2
139777.4
139977.3
140010.5
140013.4
140017.5
140433.4
140498.5
140501.4
140511.5
140513.4
140613.5
140777.1
140987.6
141098.211
141098.6
141249.211
141249.6
141396.211
141396.6
141559.211
141559.6
141560.211
141560.6
141659.211
141659.6
141661.211
141661.6
141784.211
141784.6
141872.4
141892.5
142018.211
142018.6
142199.211
142199.6
142352.211
142352.6
142355.211
142355.6
142444.211
142444.6
142445.211
142445.6
142635.211
142635.6
142636.211
142636.6
142669.211
142669.6
142725.211
142725.6
142728.211
142728.6
142849.211
142849.6
143112.211
143112.6
143257.4
143272.5
143315.4
143323.5
143331.4
143332.5
143485.212
143485.6
143487.6
143534.2
143534.4
143734.3
143778.5
143901.4
143946.5
143951.4
143980.5
144081.4
144099.5
144164.4
144166.5
144189.4
144190.5
144330.6
144332.6
144382.6
144467.6
144534.1
144617.4
144714.5
144721.4
144726.5
144742.4
144745.5
144803.4
144840.5
144870.4
144871.5
144892.4
144893.5
145024.6
145025.211
145025.6
145070.211
145070.6
145072.211
145072.6
145111.4
145123.5
145138.4
145174.5
145178.4
145219.5
145233.4
145235.5
145240.4
145241.5
145427.212
145427.6
145477.2
145477.4
145677.3
145728.5
145828.4
145970.5
145979.4
146014.5
146032.4
146114.5
146477.1
146707.6
146759.211
146759.6
146802.4
146804.5
146821.4
146872.5
146880.4
146948.5
146949.4
146985.5
147007.4
147008.5
147141.212
147141.6
147142.6
147192.2
147192.4
147392.3
147437.5
147441.4
147442.5
147556.4
147620.5
147626.4
147647.5
147683.4
147684.5
147939.6
148009.4
148118.5
148136.4
148137.5
148151.4
148152.5
148182.4
148183.5
148192.1
148215.4
148216.5
148382.6
148384.211
148384.6
148554.4
148596.5
148623.4
148624.5
148632.4
148633.5
148659.4
148660.5
148677.4
148688.5
148692.4
148725.5
148741.4
148780.5
148856.4
148857.5
148869.4
148879.5
148891.4
148941.5
149224.212
149224.6
149276.2
149276.4
149476.3
149528.5
149689.4
149739.5
149761.4
149762.5
149782.4
149783.5
150070.6
150120.6
150184.6
150276.1
150346.6
150348.211
150348.6
150600.211
150600.6
150801.211
150801.6
150803.211
150803.6
151146.212
151146.6
151148.6
151257.6
151301.2
151301.4
151501.3
151553.5
151675.4
151719.5
152046.6
152053.6
152301.1
152832.6
152840.211
152840.6
152878.211
152878.6
152998.211
152998.6
153175.211
153175.6
153506.212
153506.6
153550.2
153550.4
153750.3
153799.5
154550.1
154697.6
154786.211
154786.6
154890.211
154890.6
154992.211
154992.6
155233.211
155233.6
155235.211
155235.6
155467.211
155467.6
155729.211
155729.6
155764.211
155764.6
155887.211
155887.6
155889.211
155889.6
156224.212
156224.6
156277.2
156277.4
156477.3
156526.5
157277.1
157768.6
157993.211
157993.6
157995.211
157995.6
158068.211
158068.6
158070.211
158070.6
158085.211
158085.6
158322.211
158322.6
158360.4
158369.5
158445.211
158445.6
158541.211
158541.6
158681.211
158681.6
158740.4
158821.5
158986.212
158986.6
159052.2
159052.4
159252.3
159304.5
159307.4
159350.5
159997.6
160052.1
160056.6
160100.4
160150.5
160233.211
160233.6
160237.211
160237.6
160364.211
160364.6
160366.211
160366.6
160424.4
160523.5
160648.211
160648.6
160704.211
160704.6
160708.211
160708.6
160770.4
160842.5
160974.211
160974.6
161016.211
161016.6
161018.211
161018.6
161186.211
161186.6
161188.211
161188.6
161250.4
161266.5
161294.4
161363.5
161413.4
161414.5
161559.212
161559.6
161609.2
161609.4
161809.3
161856.5
161966.4
162052.5
162578.6
162609.1
162665.4
162682.5
162776.6
162778.211
162778.6
163024.211
163024.6
163081.4
163102.5
163717.212
163717.6
163719.6
163762.2
163762.4
163962.3
164003.5
164110.4
164212.5
164762.1
164995.6
164997.211
164997.6
165069.211
165069.6
165071.211
165071.6
165352.211
165352.6
165841.212
165841.6
165844.6
165890.2
165890.4
166090.3
166131.5
166664.6
166831.4
166848.5
166890.1
166962.6
167234.211
167234.6
167236.211
167236.6
167241.211
167241.6
167360.211
167360.6
167585.211
167585.6
167673.211
167673.6
167757.211
167757.6
167759.211
167759.6
167944.211
167944.6
168145.211
168145.6
168200.211
168200.6
168203.211
168203.6
168369.211
168369.6
168371.211
168371.6
168477.211
168477.6
168708.211
168708.6
168811.211
168811.6
168813.211
168813.6
169037.211
169037.6
169112.4
169131.5
169198.211
169198.6
169244.211
169244.6
169404.211
169404.6
169406.211
169406.6
169536.211
169536.6
169540.211
169540.6
169644.4
169658.5
169796.211
169796.6
169798.211
169798.6
169968.211
169968.6
169970.211
169970.6
170372.212
170372.6
170414.2
170414.4
170614.3
170658.5
171414.1
171457.6
171610.211
171610.6
171619.211
171619.6
171760.211
171760.6
172034.211
172034.6
172470.212
172470.6
172474.6
172518.2
172518.4
172718.3
172764.5
172768.4
172769.5
173518.1
173854.6
173988.211
173988.6
174119.211
174119.6
174520.212
174520.6
174573.2
174573.4
174773.3
174819.5
175573.1
175830.6
175981.211
175981.6
176041.4
176165.5
176284.212
176284.6
176341.2
176341.4
176541.3
176584.5
176586.4
176589.5
177341.1
177616.6
177618.211
177618.6
178282.212
178282.6
178285.6
178327.2
178327.4
178527.3
178583.5
178744.4
178821.5
179139.4
179183.5
179184.4
179187.5
179190.4
179196.5
179235.4
179239.5
179243.4
179244.5
179327.1
179387.6
179388.211
179388.6
179512.211
179512.6
179514.211
179514.6
179595.211
179595.6
179596.211
179596.6
179684.4
179721.5
179800.211
179800.6
179913.211
180000.9
123456789
4
08
17
4
08
17
0
0
0
4
15
05
07
15
38
07
6
2
1619
0
0
0
314159265
75
3
219
180000
314159265
0.1
195.6
294.211
294.6
382.211
382.6
700.6
701.212
761.2
761.4
961.2
1023.5
1032.4
1082.5
1361.3
1718.6
1761.1
1904.6
2086.211
2086.6
2316.211
2316.6
2721.6
2722.212
2794.2
2794.4
2994.2
3092.5
3095.4
3097.5
3224.4
3296.5
3303.4
3319.5
3394.3
3794.1
3998.6
4307.6
4308.212
4361.2
4361.4
4561.2
4608.5
4961.3
5271.6
5361.1
5375.4
5434.5
5530.6
5719.211
5719.6
6131.6
6132.212
6182.2
6182.4
6382.2
6431.5
6559.4
6599.5
6602.4
6641.5
6645.4
6647.5
6782.3
7182.1
7345.6
7550.211
7550.6
7770.211
7770.6
7782.211
7782.6
7984.211
7984.6
8256.211
8256.6
8739.6
8740.212
8810.2
8810.4
9010.2
9055.5
9059.4
9061.5
9062.4
9067.5
9222.4
9282.5
9410.3
9637.6
9810.1
10042.6
10099.211
10099.6
10174.211
10174.6
10450.211
10450.6
11176.6
11177.212
11235.2
11235.4
11435.2
11486.5
11835.3
12235.1
12404.6
12556.211
12556.6
12865.6
12866.212
12922.2
12922.4
13122.2
13172.5
13522.3
13922.1
14077.6
14296.211
14296.6
14398.4
14407.5
14501.211
14501.6
14690.211
14690.6
14951.211
14951.6
15052.211
15052.6
15261.211
15261.6
15391.211
15391.6
15453.4
15493.5
15612.211
15612.6
15662.211
15662.6
15730.211
15730.6
15789.4
15813.5
15815.4
15832.5
15863.4
15904.5
16019.211
16019.6
16587.6
16588.212
16626.2
16626.4
16826.2
16876.5
17226.3
17626.1
17820.6
17947.211
17947.6
18113.211
18113.6
18365.211
18365.6
18515.211
18515.6
18707.211
18707.6
18770.4
18792.5
18913.211
18913.6
19214.6
19215.212
19285.2
19285.4
19485.2
19540.5
19885.3
20262.6
20285.1
20401.6
20670.211
20670.6
20913.211
20913.6
21039.211
21039.6
21161.211
21161.6
21843.6
21844.212
21901.2
21901.4
22101.2
22154.5
22501.3
22901.1
23092.6
23222.211
23222.6
23626.6
23627.212
23668.2
23668.4
23868.2
23914.5
24268.3
24396.4
24409.5
24437.4
24476.5
24478.4
24501.5
24668.1
24752.6
24820.4
24929.5
24941.4
24947.5
25106.6
25107.212
25152.2
25152.4
25352.2
25395.5
25613.4
25648.5
25652.4
25700.5
25702.4
25728.5
25752.3
25812.4
25823.5
25892.4
25893.5
26094.4
26137.5
26138.4
26141.5
26152.1
26158.4
26159.5
26307.4
26325.5
26338.4
26354.5
26400.4
26401.5
26433.4
26434.5
26605.6
26776.211
26776.6
26845.4
26862.5
26917.4
26918.5
26935.4
26936.5
26989.4
26991.5
27003.4
27012.5
27073.4
27074.5
27093.4
27096.5
27101.4
27102.5
27128.4
27129.5
27367.6
27368.212
27386.6
27419.2
27419.4
27619.2
27671.5
27768.4
27801.5
27823.4
27826.5
27830.4
27832.5
27873.4
27932.5
27936.4
27992.5
28019.3
28158.4
28340.5
28350.4
28357.5
28419.1
28575.6
29150.6
29151.212
29196.2
29196.4
29396.2
29450.5
29796.3
30196.1
30586.6
31018.6
31019.212
31057.2
31057.4
31257.2
31315.5
31552.4
31603.5
31605.4
31611.5
31657.3
32057.1
32561.6
32879.6
32880.212
32934.2
32934.4
33134.2
33181.5
33347.4
33463.5
33534.3
33934.1
33940.4
33972.5
33979.4
33999.5
34097.6
34148.4
34167.5
34172.4
34206.5
34245.4
34260.5
34351.211
34351.6
34452.4
34486.5
34518.4
34529.5
34700.6
34701.212
34739.2
34739.4
34939.2
34984.5
35168.4
35201.5
35339.3
35739.1
35836.6
36112.211
36112.6
36396.211
36396.6
36639.211
36639.6
36934.211
36934.6
37220.211
37220.6
37280.211
37280.6
37292.211
37292.6
37688.6
37689.212
37740.2
37740.4
37940.2
37992.5
38340.3
38740.1
38778.6
38867.4
38878.5
38964.211
38964.6
39167.4
39214.5
39323.6
39324.212
39373.2
39373.4
39573.2
39618.5
39719.4
39754.5
39758.4
39802.5
39973.3
40373.1
40582.6
41118.6
41119.212
41175.2
41175.4
41375.2
41436.5
41440.4
41447.5
41471.4
41473.5
41479.4
41517.5
41518.4
41557.5
41559.4
41567.5
41775.3
41880.8
42166.6
42175.1
42210.4
42229.5
42371.6
42441.4
42501.5
42618.211
42618.6
42779.211
42779.6
42847.211
42847.6
43103.211
43103.6
43320.211
43320.6
43590.211
43590.6
43810.211
43810.6
43988.211
43988.6
44151.211
44151.6
44413.211
44413.6
44644.211
44644.6
44711.211
44711.6
44777.4
44797.5
44799.4
44802.5
44876.211
44876.6
45017.211
45017.6
45160.211
45160.6
45530.6
45531.212
45585.2
45585.4
45785.2
45830.5
45992.4
46021.5
46185.3
46585.1
46838.6
47026.211
47026.6
47183.211
47183.6
47399.211
47399.6
47954.6
47955.212
48015.2
48015.4
48215.2
48257.5
48615.3
49015.1
49055.4
49064.5
49076.4
49088.5
49199.6
49340.211
49340.6
49538.211
49538.6
49712.211
49712.6
49778.4
49798.5
49940.211
49940.6
50035.4
50054.5
50058.4
50061.5
50064.4
50096.5
50098.4
50103.5
50256.6
50257.212
50302.2
50302.4
50502.2
50546.5
50902.3
51302.1
51718.6
51897.211
51897.6
52352.6
52353.212
52407.2
52407.4
52607.2
52659.5
53007.3
53029.4
53033.5
53037.4
53088.5
53407.1
53994.6
54180.211
54180.6
54349.211
54349.6
54580.4
54602.5
54702.4
54708.5
54813.6
54814.212
54860.2
54860.4
55060.2
55097.5
55264.4
55305.5
55460.3
55860.1
56133.6
56369.211
56369.6
56673.6
56674.212
56724.2
56724.4
56924.2
56974.5
57324.3
57371.4
57388.5
57724.1
58860.6
59004.211
59004.6
59321.6
59322.212
59372.2
59372.4
59572.2
59613.5
59972.3
60372.1
60396.6
60763.6
60764.212
60816.2
60816.4
61016.2
61061.5
61416.3
61661.6
61816.1
61834.6
62032.211
62032.6
62088.211
62088.6
62641.6
62642.212
62715.2
62715.4
62915.2
62972.5
63315.3
63715.1
63868.6
64107.211
64107.6
64518.6
64519.212
64571.2
64571.4
64771.2
64818.5
65171.3
65571.1
65836.8
66393.6
66509.211
66509.6
66682.211
66682.6
66925.211
66925.6
67073.211
67073.6
67100.211
67100.6
67307.211
67307.6
67443.211
67443.6
67652.211
67652.6
67765.211
67765.6
67911.211
67911.6
68093.211
68093.6
68183.211
68183.6
68442.211
68442.6
68562.211
68562.6
68674.211
68674.6
68863.211
68863.6
69149.4
69189.5
69277.6
69278.212
69326.2
69326.4
69526.2
69582.5
69662.4
69702.5
69706.4
69731.5
69926.3
70326.1
70422.6
70753.6
70754.212
70813.2
70813.4
71013.2
71059.5
71413.3
71813.1
72304.6
72474.211
72474.6
72481.211
72481.6
72596.211
72596.6
72806.211
72806.6
73058.211
73058.6
73192.211
73192.6
73666.6
73667.212
73726.2
73726.4
73926.2
73977.5
74217.4
74255.5
74258.4
74284.5
74326.3
74726.1
75074.6
75239.211
75239.6
75512.211
75512.6
75694.211
75694.6
75978.211
75978.6
76258.211
76258.6
76702.6
76703.212
76762.2
76762.4
76962.2
77009.5
77362.3
77762.1
77968.6
78118.211
78118.6
78268.211
78268.6
78660.6
78661.212
78736.2
78736.4
78936.2
78978.5
78980.4
78986.5
79336.3
79736.1
80334.6
80463.211
80463.6
80589.211
80589.6
80725.211
80725.6
80869.211
80869.6
80976.211
80976.6
81426.6
81427.212
81498.2
81498.4
81698.2
81741.5
82098.3
82395.6
82498.1
82685.6
82786.211
82786.6
83049.211
83049.6
83521.6
83522.212
83587.2
83587.4
83787.2
83829.5
84187.3
84502.6
84514.6
84520.6
84587.1
84802.6
85153.6
85154.212
85214.2
85214.4
85414.2
85482.5
85814.3
86214.1
86431.6
86599.211
86599.6
86733.211
86733.6
86930.211
86930.6
87060.211
87060.6
87171.211
87171.6
87339.211
87339.6
87565.211
87565.6
87681.211
87681.6
87918.211
87918.6
88045.211
88045.6
88345.4
88353.5
88459.6
88460.212
88513.2
88513.4
88713.2
88756.5
88758.4
88760.5
88890.4
88961.5
89022.4
89031.5
89113.3
89309.6
89479.6
89513.1
89645.6
90048.6
90049.212
90098.2
90098.4
90298.2
90348.5
90473.4
90537.5
90582.4
90585.5
90698.3
90756.4
90825.5
90873.4
90874.5
91039.6
91098.1
91169.6
91175.211
91175.6
91296.211
91296.6
91399.211
91399.6
91661.211
91661.6
91773.211
91773.6
91887.211
91887.6
92234.6
92235.212
92309.2
92309.4
92509.2
92554.5
92555.4
92563.5
92909.3
93303.6
93309.1
93419.6
93663.211
93663.6
93779.211
93779.6
93927.211
93927.6
94143.211
94143.6
94239.211
94239.6
95053.6
95054.212
95096.2
95096.4
95296.2
95338.5
95696.3
96093.6
96096.1
96182.4
96197.5
96304.6
96492.4
96511.5
96663.6
96664.212
96718.2
96718.4
96918.2
96968.5
97318.3
97376.4
97396.5
97398.4
97432.5
97718.1
97747.6
97915.211
97915.6
98374.6
98375.212
98439.2
98439.4
98639.2
98684.5
98688.4
98691.5
98784.4
98817.5
98822.4
98850.5
99039.3
99439.1
100035.6
100088.211
100088.6
100274.211
100274.6
100280.211
100280.6
100443.211
100443.6
100713.211
100713.6
100832.211
100832.6
100974.211
100974.6
101126.211
101126.6
101339.211
101339.6
101447.211
101447.6
101633.211
101633.6
101766.211
101766.6
101949.211
101949.6
102409.6
102410.212
102461.2
102461.4
102661.2
102704.5
103061.3
103461.1
103760.6
103925.211
103925.6
104065.211
104065.6
104236.211
104236.6
104402.211
104402.6
104658.211
104658.6
105079.6
105080.212
105126.2
105126.4
105326.2
105376.5
105726.3
106052.6
106126.1
106328.6
106593.211
106593.6
106911.6
106912.212
106963.2
106963.4
107163.2
107220.5
107341.4
107404.5
107563.3
107678.4
107719.5
107895.6
107963.1
108161.6
108303.211
108303.6
108446.211
108446.6
108831.6
108832.212
108888.2
108888.4
109088.2
109134.5
109488.3
109888.1
109958.6
110118.211
110118.6
110381.211
110381.6
110688.6
110689.212
110746.2
110746.4
110946.2
110999.5
111346.3
111746.1
112569.6
112680.211
112680.6
112932.211
112932.6
113082.211
113082.6
113255.211
113255.6
113393.211
113393.6
113489.211
113489.6
113664.211
113664.6
113722.211
113722.6
114177.6
114178.212
114222.2
114222.4
114422.2
114464.5
114693.4
114704.5
114775.4
114822.3
115071.5
115222.1
115224.6
115286.4
115372.5
115507.211
115507.6
115684.211
115684.6
115838.211
115838.6
116031.211
116031.6
116215.211
116215.6
116339.211
116339.6
116387.211
116387.6
116484.211
116484.6
116878.6
116879.212
116934.2
116934.4
117134.2
117178.5
117182.4
117188.5
117534.3
117786.8
117934.1
118497.6
118579.211
118579.6
118737.211
118737.6
118915.211
118915.6
119046.211
119046.6
119245.211
119245.6
119476.211
119476.6
119598.211
119598.6
119731.211
119731.6
119875.211
119875.6
120078.211
120078.6
120211.211
120211.6
120476.211
120476.6
120842.6
120843.212
120896.2
120896.4
121096.2
121204.5
121243.4
121267.5
121496.3
121896.1
122124.6
122322.211
122322.6
122727.6
122728.212
122783.2
122783.4
122983.2
123031.5
123033.4
123036.5
123383.3
123383.4
123422.5
123783.1
123917.6
124078.211
124078.6
124292.211
124292.6
124697.6
124698.212
124752.2
124752.4
124952.2
124992.5
125352.3
125752.1
125757.6
125981.211
125981.6
126098.211
126098.6
126213.211
126213.6
126311.211
126311.6
126454.211
126454.6
126504.211
126504.6
126548.211
126548.6
126611.211
126611.6
126688.211
126688.6
126746.211
126746.6
126814.211
126814.6
126829.211
126829.6
126953.211
126953.6
127077.211
127077.6
127260.211
127260.6
127618.6
127619.212
127679.2
127679.4
127879.2
127938.5
128279.3
128444.4
128501.5
128522.4
128526.5
128679.1
128867.6
128958.211
128958.6
129140.211
129140.6
129226.211
129226.6
129390.211
129390.6
129624.211
129624.6
129840.211
129840.6
130108.211
130108.6
130417.6
130418.212
130475.2
130475.4
130675.2
130721.5
131075.3
131475.1
131742.6
131882.211
131882.6
132073.211
132073.6
132233.211
132233.6
132340.211
132340.6
132478.211
132478.6
132627.211
132627.6
132710.211
132710.6
132803.211
132803.6
133207.6
133208.212
133261.2
133261.4
133461.2
133514.5
133861.3
134261.1
134477.6
135406.6
135407.212
135474.2
135474.4
135674.2
135692.5
136074.3
136474.1
137130.6
137134.211
137134.6
137318.211
137318.6
137577.211
137577.6
137895.6
137896.212
137942.2
137942.4
138142.2
138182.5
138183.4
138186.5
138542.3
138942.1
139160.6
139543.6
139544.212
139600.2
139600.4
139800.2
139841.5
140193.4
140200.3
140239.5
140243.4
140255.5
140257.4
140262.5
140600.1
140701.6
140895.211
140895.6
141100.211
141100.6
141522.6
141523.212
141583.2
141583.4
141783.2
141824.5
142183.3
142583.1
143013.6
143257.211
143257.6
143471.211
143471.6
143584.211
143584.6
143692.211
143692.6
143882.211
143882.6
144016.211
144016.6
144318.6
144319.212
144368.2
144368.4
144568.2
144619.5
144968.3
145368.1
146066.6
146212.211
146212.6
146261.211
146261.6
146273.211
146273.6
146411.211
146411.6
146475.211
146475.6
146623.211
146623.6
146726.211
146726.6
146733.211
146733.6
146817.211
146817.6
147058.211
147058.6
147167.211
147167.6
147345.211
147345.6
147545.211
147545.6
147666.211
147666.6
148005.6
148006.212
148061.2
148061.4
148261.2
148303.5
148306.4
148307.5
148661.3
149061.1
149532.6
149690.211
149690.6
149698.211
149698.6
149864.211
149864.6
150269.6
150270.212
150319.2
150319.4
150519.2
150565.5
150919.3
150982.4
151011.5
151059.4
151077.5
151319.1
151404.6
151591.211
151591.6
151777.211
151777.6
151974.211
151974.6
152094.211
152094.6
152310.211
152310.6
152380.211
152380.6
152483.211
152483.6
152562.211
152562.6
152784.211
152784.6
152789.211
152789.6
153158.6
153159.212
153205.2
153205.4
153405.2
153446.5
153757.4
153793.5
153805.3
154051.6
154117.4
154205.1
154207.5
154348.6
154456.211
154456.6
154529.4
154530.5
154533.4
154545.5
154830.6
154831.212
154877.2
154877.4
155077.2
155131.5
155357.4
155441.5
155477.3
155877.1
156094.6
156215.211
156215.6
156323.211
156323.6
156520.211
156520.6
156678.211
156678.6
156771.211
156771.6
156852.211
156852.6
157030.211
157030.6
157201.211
157201.6
157594.6
157595.212
157608.6
157659.2
157659.4
157859.2
157902.5
158259.3
158659.1
158939.6
159324.6
159325.212
159378.2
159378.4
159578.2
159637.5
159932.4
159946.5
159949.4
159978.3
159983.5
160378.1
160470.6
160572.211
160572.6
160749.211
160749.6
160836.211
160836.6
161024.211
161024.6
161189.211
161189.6
161308.211
161308.6
161447.211
161447.6
161691.211
161691.6
161773.211
161773.6
161948.211
161948.6
162346.6
162347.212
162405.2
162405.4
162605.2
162647.5
163005.3
163405.1
163912.6
164031.211
164031.6
164170.211
164170.6
164440.211
164440.6
164552.211
164552.6
164862.6
164863.212
164924.2
164924.4
165124.2
165180.5
165493.4
165524.3
165574.5
165584.4
165593.5
165924.1
166261.6
166366.211
166366.6
166658.211
166658.6
166856.211
166856.6
166906.211
166906.6
167095.211
167095.6
167295.211
167295.6
167407.211
167407.6
167694.211
167694.6
167771.211
167771.6
168037.211
168037.6
168053.211
168053.6
168347.211
168347.6
168467.211
168467.6
168856.6
168857.212
168903.2
168903.4
169103.2
169148.5
169152.4
169154.5
169503.3
169903.1
170863.6
171488.6
171489.212
171494.6
171541.2
171541.4
171741.2
171795.5
172141.3
172492.4
172529.5
172541.1
172569.4
172586.5
172768.6
172774.211
172774.6
172846.211
172846.6
173018.211
173018.6
173090.211
173090.6
173250.211
173250.6
173476.211
173476.6
173633.211
173633.6
173868.211
173868.6
173965.211
173965.6
174147.4
174162.5
174283.6
174284.212
174328.2
174328.4
174528.2
174582.5
174837.4
174896.5
174897.4
174928.3
174930.5
175244.6
175328.1
175490.6
175615.211
175615.6
175801.211
175801.6
175844.211
175844.6
176233.6
176234.212
176278.2
176278.4
176478.2
176521.5
176851.4
176856.5
176861.4
176878.3
176879.5
177278.1
178037.6
178043.211
178043.6
178135.211
178135.6
178305.211
178305.6
178401.211
178401.6
178643.211
178643.6
178685.211
178685.6
178856.211
178856.6
178863.211
178863.6
179067.211
179067.6
179189.211
179189.6
179357.211
179357.6
179577.211
179577.6
179961.6
180000.9
123456789
4
09
17
4
09
17
0
0
0
4
15
11
59
15
44
59
6
2
1494
0
0
0
314159265
71
2
261
180000
314159265
0.1
321.6
432.211
432.6
596.211
596.6
914.6
915.212
968.2
968.4
1168.2
1264.5
1268.4
1328.5
1332.4
1424.5
1518.4
1566.5
1568.3
1968.1
2235.6
2383.211
2383.6
2816.6
2817.212
2869.2
2869.4
3069.2
3128.5
3147.4
3174.5
3248.4
3294.5
3300.4
3303.5
3306.4
3309.5
3314.4
3362.5
3365.4
3374.5
3469.3
3480.4
3525.5
3532.4
3553.5
3869.1
4063.6
4254.211
4254.6
4452.211
4452.6
4666.211
4666.6
4786.211
4786.6
4994.211
4994.6
5139.211
5139.6
5348.211
5348.6
5639.211
5639.6
5844.211
5844.6
6068.211
6068.6
6269.211
6269.6
6480.211
6480.6
6847.6
6848.212
6919.2
6919.4
7119.2
7169.5
7173.4
7175.5
7324.4
7362.5
7368.4
7370.5
7519.3
7919.1
8049.6
8397.6
8398.212
8446.2
8446.4
8646.2
8703.5
9046.3
9446.1
9650.6
9827.211
9827.6
10001.211
10001.6
10422.6
10423.212
10473.2
10473.4
10673.2
10715.5
11073.3
11473.1
11847.6
12036.211
12036.6
12206.211
12206.6
12250.211
12250.6
12538.211
12538.6
12919.6
12920.212
12971.2
12971.4
13171.2
13219.5
13537.4
13569.5
13571.3
13971.1
15236.6
15620.6
15621.212
15673.2
15673.4
15873.2
15915.5
16244.4
16271.5
16273.3
16285.4
16291.5
16673.1
17343.6
17646.6
17647.212
17691.2
17691.4
17891.2
17939.5
17941.4
17946.5
18220.4
18291.3
18331.5
18499.4
18549.5
18691.1
18703.4
18765.5
18913.6
19061.211
19061.6
19294.211
19294.6
19453.211
19453.6
19763.6
19764.212
19815.2
19815.4
20015.2
20060.5
20316.4
20337.5
20341.4
20383.5
20391.4
20411.5
20415.3
20763.4
20782.5
20815.1
21249.6
21751.6
21752.212
21813.2
21813.4
22013.2
22059.5
22413.3
22813.1
22919.6
23022.211
23022.6
23582.6
23583.212
23633.2
23633.4
23833.2
23875.5
24233.3
24633.1
24998.6
25182.211
25182.6
25615.6
25616.212
25670.2
25670.4
25870.2
25916.5
26270.3
26374.4
26418.5
26584.4
26617.5
26670.1
26720.6
26852.211
26852.6
26980.211
26980.6
27141.211
27141.6
27486.6
27487.212
27535.2
27535.4
27735.2
27772.5
28135.3
28535.1
28689.6
28798.211
28798.6
28918.211
28918.6
29106.211
29106.6
29381.211
29381.6
29516.211
29516.6
29637.211
29637.6
29870.211
29870.6
30084.211
30084.6
30325.4
30350.5
30460.6
30461.212
30507.2
30507.4
30707.2
30753.5
31020.4
31022.5
31023.4
31107.3
31107.5
31388.6
31507.1
31806.6
31936.211
31936.6
32123.211
32123.6
32439.6
32440.212
32493.2
32493.4
32693.2
32741.5
33031.4
33054.5
33093.3
33493.1
33869.6
34178.6
34179.212
34236.2
34236.4
34436.2
34481.5
34730.4
34759.5
34767.4
34796.5
34836.3
35161.4
35186.5
35230.4
35231.5
35236.1
35372.6
35544.211
35544.6
35803.4
35818.5
35956.6
35957.212
36002.2
36002.4
36202.2
36244.5
36602.3
36627.4
36655.5
37002.1
37229.6
37349.211
37349.6
37491.211
37491.6
37619.211
37619.6
37851.211
37851.6
37939.211
37939.6
38056.211
38056.6
38191.211
38191.6
38450.211
38450.6
38631.211
38631.6
38907.211
38907.6
39505.6
39506.212
39554.2
39554.4
39754.2
39802.5
40154.3
40554.1
40712.6
41137.6
41138.212
41192.2
41192.4
41392.2
41434.5
41792.3
42192.1
42383.6
42599.4
42603.5
42719.6
42720.212
42766.2
42766.4
42966.2
43004.5
43363.4
43366.3
43404.5
43447.4
43504.5
43730.4
43766.1
43819.5
43987.6
44136.211
44136.6
44367.211
44367.6
44591.211
44591.6
44745.211
44745.6
45017.211
45017.6
45207.211
45207.6
45290.4
45304.5
45414.211
45414.6
45490.4
45507.5
45916.6
45917.212
45964.2
45964.4
46164.2
46213.5
46422.4
46449.5
46451.4
46485.5
46564.3
46964.1
47239.6
47387.211
47387.6
47596.211
47596.6
47722.211
47722.6
47912.211
47912.6
48048.211
48048.6
48280.211
48280.6
48772.6
48773.212
48826.2
48826.4
49026.2
49075.5
49296.4
49317.5
49426.3
49826.1
50193.6
50270.4
50279.5
50397.211
50397.6
50579.211
50579.6
50826.211
50826.6
51060.211
51060.6
51175.211
51175.6
51585.6
51586.212
51635.2
51635.4
51835.2
51883.5
52235.3
52635.1
54902.6
55108.211
55108.6
55286.211
55286.6
55443.211
55443.6
55823.6
55824.212
55884.2
55884.4
56084.2
56166.5
56484.3
56884.1
57139.6
57324.211
57324.6
57495.211
57495.6
57677.211
57677.6
58210.6
58211.212
58257.2
58257.4
58457.2
58498.5
58857.3
59257.1
59554.6
60050.6
60051.212
60098.2
60098.4
60298.2
60342.5
60574.4
60613.5
60622.4
60684.5
60698.3
61098.1
61417.6
61617.211
61617.6
61887.211
61887.6
62225.6
62226.212
62280.2
62280.4
62480.2
62526.5
62880.3
63280.1
63998.6
64160.211
64160.6
64391.211
64391.6
64571.211
64571.6
64657.4
64669.5
64758.211
64758.6
64951.211
64951.6
65158.211
65158.6
65544.6
65545.212
65610.2
65610.4
65810.2
65862.5
66178.4
66210.3
66247.5
66437.4
66459.5
66478.4
66500.5
66610.1
66701.6
67060.6
67061.212
67105.2
67105.4
67305.2
67349.5
67610.4
67643.5
67705.3
67853.8
68105.1
68233.6
68498.211
68498.6
68762.211
68762.6
69034.211
69034.6
69351.6
69352.212
69408.2
69408.4
69608.2
69660.5
70008.3
70408.1
70691.6
71205.6
71206.212
71261.2
71261.4
71461.2
71508.5
71715.4
71771.5
71861.3
72261.1
72942.6
73105.211
73105.6
73283.211
73283.6
73443.211
73443.6
73562.211
73562.6
73715.211
73715.6
73849.211
73849.6
74018.211
74018.6
74244.211
74244.6
74506.211
74506.6
75048.6
75049.212
75102.2
75102.4
75302.2
75348.5
75702.3
76102.1
77506.4
77511.5
78352.6
78639.211
78639.6
79226.6
79227.212
79279.2
79279.4
79479.2
79556.5
79557.4
79565.5
79879.3
80279.1
80481.6
80978.6
80979.212
81034.2
81034.4
81234.2
81279.5
81634.3
82034.1
82362.6
82578.211
82578.6
82772.211
82772.6
82893.211
82893.6
83154.211
83154.6
83321.211
83321.6
83521.211
83521.6
83646.4
83654.5
83797.211
83797.6
83997.211
83997.6
84254.211
84254.6
84584.6
84585.212
84633.2
84633.4
84833.2
84879.5
85199.4
85229.5
85233.3
85323.4
85371.5
85373.4
85382.5
85633.1
86024.6
86282.211
86282.6
86492.211
86492.6
86953.6
86954.212
87008.2
87008.4
87208.2
87254.5
87477.4
87503.5
87608.3
87666.4
87680.5
87704.4
87731.5
88008.1
88118.6
88377.211
88377.6
88613.211
88613.6
88946.6
88947.212
88997.2
88997.4
89197.2
89241.5
89559.4
89577.5
89597.3
89622.4
89623.5
89997.1
90124.6
90451.6
90452.212
90504.2
90504.4
90704.2
90757.5
91104.3
91174.4
91188.5
91219.4
91221.5
91225.4
91242.5
91504.1
92330.6
92582.211
92582.6
92805.211
92805.6
92949.211
92949.6
93144.211
93144.6
93369.4
93398.5
93565.6
93566.212
93607.2
93607.4
93807.2
93864.5
94109.4
94110.5
94118.4
94133.5
94137.4
94163.5
94207.3
94219.4
94220.5
94278.4
94312.5
94467.4
94481.5
94509.4
94511.5
94518.4
94520.5
94539.4
94540.5
94549.4
94550.5
94607.1
94631.4
94645.5
94672.4
94686.5
94812.6
94904.211
94904.6
94958.4
94975.5
95000.4
95001.5
95017.4
95018.5
95036.4
95037.5
95213.6
95214.212
95258.2
95258.4
95458.2
95507.5
95511.4
95515.5
95516.4
95517.5
95858.3
96258.1
96571.6
96771.211
96771.6
96989.211
96989.6
97083.4
97098.5
97123.4
97127.5
98107.6
98108.212
98161.2
98161.4
98361.2
98407.5
98408.4
98409.5
98761.3
98898.4
98909.5
98926.4
98957.5
98960.4
98969.5
98973.4
98994.5
99161.1
99453.6
99714.211
99714.6
99798.4
99816.5
99960.211
99960.6
100021.4
100034.5
100067.4
100069.5
100226.211
100226.6
100347.211
100347.6
100391.4
100408.5
100425.4
100429.5
100588.211
100588.6
100757.4
100775.5
100909.6
100910.212
100960.2
100960.4
101160.2
101203.5
101560.3
101960.1
102006.4
102025.5
102164.6
102238.4
102254.5
102272.4
102281.5
102298.4
102303.5
102429.211
102429.6
102627.211
102627.6
102835.211
102835.6
103053.211
103053.6
103182.211
103182.6
103276.4
103278.5
103307.4
103353.5
103477.211
103477.6
103547.4
103560.5
103562.4
103563.5
103683.211
103683.6
103869.4
103895.5
104007.6
104008.212
104057.2
104057.4
104257.2
104311.5
104657.3
104698.4
104725.5
105057.1
105430.6
105520.4
105543.5
105683.211
105683.6
105769.4
105790.5
105824.4
105825.5
105945.211
105945.6
106013.4
106054.5
106064.4
106102.5
106223.211
106223.6
106390.211
106390.6
106443.4
106453.5
106648.211
106648.6
106872.211
106872.6
106958.4
106962.5
107085.211
107085.6
107441.6
107442.212
107495.2
107495.4
107695.2
107752.5
108095.3
108495.1
109148.6
109322.211
109322.6
109448.211
109448.6
109736.211
109736.6
109933.211
109933.6
110065.211
110065.6
110370.6
110371.212
110419.2
110419.4
110619.2
110664.5
111019.3
111062.4
111109.5
111419.1
112038.6
112397.6
112398.212
112462.2
112462.4
112662.2
112710.5
113062.3
113462.1
114061.6
114440.6
114441.212
114495.2
114495.4
114695.2
114749.5
115095.3
115495.1
116310.6
116419.211
116419.6
116559.211
116559.6
116725.211
116725.6
116916.211
116916.6
117133.211
117133.6
117286.211
117286.6
117546.211
117546.6
117704.211
117704.6
118237.6
118238.212
118284.2
118284.4
118484.2
118532.5
118884.3
119284.1
120464.6
120652.211
120652.6
120844.211
120844.6
120888.211
120888.6
121068.211
121068.6
121152.4
121155.5
121157.4
121180.5
121317.211
121317.6
121453.211
121453.6
121532.4
121611.5
121748.211
121748.6
121880.211
121880.6
121941.4
121977.5
122105.211
122105.6
122179.4
122222.5
122269.4
122270.5
122420.6
122421.212
122471.2
122471.4
122671.2
122714.5
122718.4
122721.5
122723.4
122725.5
123003.4
123049.5
123058.4
123071.3
123116.5
123471.1
124799.6
124984.211
124984.6
125323.6
125324.212
125378.2
125378.4
125578.2
125636.5
125971.4
125973.5
125975.4
125978.3
126003.5
126378.1
127476.6
127707.211
127707.6
127839.211
127839.6
128106.211
128106.6
128220.211
128220.6
128372.211
128372.6
128563.211
128563.6
128772.211
128772.6
128998.211
128998.6
129152.4
129155.5
129273.211
129273.6
129893.6
129894.212
129948.2
129948.4
130148.2
130205.5
130548.3
130948.1
131334.6
131496.211
131496.6
131691.211
131691.6
132119.6
132120.212
132170.2
132170.4
132370.2
132422.5
132770.3
133170.1
133783.4
133833.5
133933.6
134025.4
134044.5
134223.211
134223.6
134456.4
134473.5
134523.4
134524.5
134729.6
134730.212
134779.2
134779.4
134979.2
135036.5
135379.3
135779.1
136648.6
136970.6
136971.212
137027.2
137027.4
137227.2
137270.5
137273.4
137274.5
137627.3
137890.4
137892.5
137894.4
137907.5
137973.4
137974.5
138027.1
138167.6
138461.211
138461.6
138540.4
138566.5
138779.6
138780.212
138823.2
138823.4
139023.2
139066.5
139423.3
139533.4
139548.5
139560.4
139592.5
139616.4
139618.5
139631.4
139632.5
139823.1
139824.4
139862.5
139899.4
139900.5
139944.4
139945.5
139956.4
139957.5
140173.6
140249.4
140265.5
140294.4
140319.5
140370.4
140381.5
140501.6
140502.212
140545.2
140545.4
140745.2
140787.5
141068.4
141088.5
141145.3
141543.4
141545.1
141561.5
141575.4
141632.5
141770.6
142093.4
142110.5
142355.6
142356.212
142402.2
142402.4
142602.2
142639.5
143002.3
143402.1
143638.8
144685.6
145053.6
145054.212
145104.2
145104.4
145304.2
145356.5
145704.3
146104.1
146651.6
146789.211
146789.6
146984.211
146984.6
147138.211
147138.6
147304.211
147304.6
147548.211
147548.6
147849.6
147850.212
147895.2
147895.4
148095.2
148146.5
148495.3
148895.1
149449.6
149590.211
149590.6
149766.211
149766.6
149907.211
149907.6
150340.6
150341.212
150396.2
150396.4
150596.2
150640.5
150996.3
151396.1
151905.6
152058.211
152058.6
152178.211
152178.6
152250.211
152250.6
152350.211
152350.6
152443.211
152443.6
152512.211
152512.6
152707.211
152707.6
152879.211
152879.6
152971.211
152971.6
153179.211
153179.6
153298.211
153298.6
153496.211
153496.6
153650.211
153650.6
153765.211
153765.6
153878.211
153878.6
154256.6
154257.212
154304.2
154304.4
154504.2
154554.5
154904.3
154941.4
154968.5
155304.1
155399.6
155535.211
155535.6
155950.6
155951.212
156014.2
156014.4
156214.2
156260.5
156614.3
157014.1
157382.6
157642.211
157642.6
157792.211
157792.6
158005.211
158005.6
158190.211
158190.6
158360.211
158360.6
158431.211
158431.6
158606.211
158606.6
158786.211
158786.6
159005.211
159005.6
159209.211
159209.6
159414.4
159425.5
159575.6
159576.212
159624.2
159624.4
159824.2
159873.5
159876.4
159880.5
160209.4
160224.3
160262.5
160263.4
160269.5
160624.1
160921.6
161060.211
161060.6
161280.211
161280.6
161491.211
161491.6
161717.211
161717.6
162029.6
162030.212
162087.2
162087.4
162287.2
162346.5
162687.3
163087.1
163112.4
163126.5
163160.4
163164.5
163327.6
163713.6
163714.212
163764.2
163764.4
163964.2
164006.5
164317.4
164347.5
164355.4
164364.3
164380.5
164570.4
164588.5
164606.4
164701.5
164722.4
164723.5
164727.4
164764.1
164776.5
164784.4
164827.5
165020.6
165120.4
165156.5
165163.4
165165.5
165177.4
165189.5
165318.211
165318.6
165428.4
165460.5
165481.4
165496.5
165681.6
165682.212
165727.2
165727.4
165927.2
165981.5
166327.3
166331.4
166350.5
166390.4
166396.5
166427.4
166512.5
166519.4
166671.5
166727.1
167051.6
167167.4
167180.5
167185.4
167188.5
167292.211
167292.6
167527.211
167527.6
167766.211
167766.6
167832.4
167851.5
167942.211
167942.6
168038.211
168038.6
168234.211
168234.6
168433.211
168433.6
168517.4
168538.5
168676.211
168676.6
168886.211
168886.6
169083.211
169083.6
169196.211
169196.6
169208.211
169208.6
169360.211
169360.6
169708.6
169709.212
169760.2
169760.4
169960.2
170006.5
170360.3
170457.4
170485.5
170567.4
170583.5
170632.4
170633.5
170760.1
170873.6
171114.211
171114.6
171274.211
171274.6
171492.211
171492.6
171688.211
171688.6
172069.4
172074.5
172209.6
172210.212
172259.2
172259.4
172459.2
172501.5
172859.3
173259.1
173490.6
173825.6
173826.212
173877.2
173877.4
174077.2
174122.5
174477.3
174877.1
175320.6
175521.211
175521.6
175690.211
175690.6
175912.211
175912.6
176149.211
176149.6
176225.4
176234.5
176370.211
176370.6
176553.211
176553.6
176910.6
176911.212
176963.2
176963.4
177163.2
177220.5
177563.3
177963.1
178403.6
178584.211
178584.6
178727.211
178727.6
178798.4
178814.5
178968.211
178968.6
179095.4
179106.5
179325.6
179326.212
179375.2
179375.4
179575.2
179625.5
180000.9
123456789
4
10
17
4
10
17
0
0
0
4
14
59
18
15
32
18
6
2
1423
0
0
0
314159265
70
3
238
180000
314159265
0.1
171.6
408.211
408.6
652.211
652.6
779.211
779.6
1003.211
1003.6
1177.211
1177.6
1318.211
1318.6
1547.211
1547.6
1910.6
1911.212
1978.2
1978.4
2178.2
2265.5
2270.4
2271.5
2377.4
2487.5
2578.3
2978.1
3340.6
3643.6
3644.212
3704.2
3704.4
3904.2
3953.5
4245.4
4293.5
4304.3
4311.4
4374.5
4704.1
4781.6
4904.211
4904.6
5267.6
5268.212
5315.2
5315.4
5515.2
5559.5
5706.4
5736.5
5751.4
5794.5
5915.3
6315.1
6494.6
6718.211
6718.6
6961.211
6961.6
7128.211
7128.6
7560.6
7561.212
7625.2
7625.4
7825.2
7875.5
7894.4
7903.5
7988.4
8076.5
8225.3
8625.1
8697.6
8886.211
8886.6
9058.211
9058.6
9402.6
9403.212
9482.2
9482.4
9682.2
9721.5
9726.4
9728.5
9867.4
9926.5
10082.3
10482.1
10633.6
10875.211
10875.6
10941.211
10941.6
11150.211
11150.6
11255.211
11255.6
11473.211
11473.6
11734.211
11734.6
12081.6
12082.212
12144.2
12144.4
12344.2
12390.5
12490.4
12532.5
12744.3
13144.1
13315.6
13604.211
13604.6
13728.211
13728.6
14001.211
14001.6
14203.211
14203.6
14420.211
14420.6
14605.211
14605.6
14900.211
14900.6
15281.6
15282.212
15332.2
15332.4
15532.2
15590.5
15697.4
15731.5
15737.4
15794.5
15932.3
16332.1
16502.6
16741.211
16741.6
16898.211
16898.6
17212.6
17213.212
17289.2
17289.4
17489.2
17552.5
17556.4
17589.5
17889.3
18289.1
18320.4
18375.5
18501.6
18687.211
18687.6
18747.4
18778.5
18887.211
18887.6
18947.4
18975.5
19115.211
19115.6
19263.211
19263.6
19402.211
19402.6
20043.6
20044.212
20094.2
20094.4
20294.2
20333.5
20435.4
20506.5
20552.4
20556.5
20570.4
20606.5
20694.3
21094.1
21200.6
21666.6
21667.212
21727.2
21727.4
21927.2
21999.5
22092.4
22122.5
22123.4
22129.5
22327.3
22497.8
22727.1
23034.6
23375.6
23376.212
23435.2
23435.4
23635.2
23670.5
23789.4
23816.5
23820.4
23851.5
24035.3
24435.1
24940.6
25291.6
25292.212
25346.2
25346.4
25546.2
25592.5
25696.4
25743.5
25758.4
25796.5
25946.3
26346.1
26574.6
26720.211
26720.6
26983.211
26983.6
27168.211
27168.6
27280.211
27280.6
27473.211
27473.6
27937.6
27938.212
28008.2
28008.4
28208.2
28253.5
28342.4
28365.5
28608.3
29008.1
29487.6
29786.211
29786.6
29934.211
29934.6
30304.6
30305.212
30358.2
30358.4
30558.2
30606.5
30610.4
30611.5
30614.4
30615.5
30711.4
30840.5
30958.3
31358.1
31755.4
31761.5
31762.4
31774.5
31887.6
32146.211
32146.6
32447.4
32455.5
32603.6
32604.212
32659.2
32659.4
32859.2
32903.5
32995.4
33069.5
33259.3
33659.1
34090.6
34267.211
34267.6
34602.6
34603.212
34677.2
34677.4
34877.2
34924.5
35277.3
35595.6
35677.1
35824.6
35988.211
35988.6
36178.211
36178.6
36433.211
36433.6
36572.211
36572.6
36782.211
36782.6
37020.211
37020.6
37086.211
37086.6
37245.211
37245.6
37423.211
37423.6
37635.211
37635.6
37801.211
37801.6
37998.211
37998.6
38319.6
38320.212
38375.2
38375.4
38575.2
38632.5
38710.4
38738.5
38750.4
38751.5
38975.3
39375.1
39575.6
40950.6
40951.212
41007.2
41007.4
41207.2
41254.5
41607.3
42007.1
42186.6
42597.6
42598.212
42647.2
42647.4
42847.2
42888.5
43247.3
43647.1
44723.6
46307.6
46308.212
46452.2
46452.4
46652.2
46692.5
46693.4
46717.5
47052.3
47452.1
47679.6
47842.211
47842.6
48069.211
48069.6
48245.211
48245.6
48352.4
48354.5
48364.4
48367.5
48369.4
48404.5
48495.211
48495.6
48750.211
48750.6
48888.211
48888.6
48964.4
48997.5
49107.211
49107.6
49311.211
49311.6
49581.211
49581.6
49656.4
49672.5
49710.4
49724.5
49728.4
49731.5
49847.211
49847.6
50295.6
50296.212
50350.2
50350.4
50550.2
50600.5
50716.4
50752.5
50755.4
50790.5
50950.3
50960.4
50975.5
51018.4
51019.5
51043.4
51044.5
51350.1
51373.6
51654.4
51666.5
51791.6
51792.212
51837.2
51837.4
52037.2
52079.5
52082.4
52085.5
52204.4
52228.5
52267.4
52339.5
52353.4
52383.5
52437.3
52837.1
53242.6
53527.211
53527.6
53674.211
53674.6
53846.211
53846.6
53913.4
53935.5
53937.4
53945.5
54092.211
54092.6
54339.4
54357.5
54500.6
54501.212
54544.2
54544.4
54744.2
54788.5
54895.4
54913.5
55144.3
55544.1
57476.6
57701.211
57701.6
58091.6
58092.212
58153.2
58153.4
58353.2
58404.5
58526.4
58556.5
58574.4
58596.5
58753.3
59153.1
59494.6
59679.211
59679.6
59811.211
59811.6
60087.211
60087.6
60286.211
60286.6
60476.211
60476.6
60666.211
60666.6
60742.4
60761.5
60889.211
60889.6
60960.4
60969.5
61021.4
61022.5
61150.211
61150.6
61572.6
61573.212
61628.2
61628.4
61828.2
61874.5
62228.3
62628.1
63090.6
63469.6
63470.212
63527.2
63527.4
63727.2
63770.5
63957.4
63998.5
64127.3
64527.1
64757.6
65175.6
65176.212
65229.2
65229.4
65429.2
65484.5
65569.4
65623.5
65829.3
66229.1
66383.4
66394.5
66493.6
66779.211
66779.6
66932.211
66932.6
67213.211
67213.6
67298.4
67306.5
67350.4
67354.5
67372.4
67377.5
67528.6
67529.212
67571.2
67571.4
67771.2
67815.5
67912.4
67934.5
68171.3
68571.1
68686.6
68845.211
68845.6
69115.211
69115.6
69414.211
69414.6
69531.211
69531.6
69614.4
69626.5
69738.211
69738.6
70215.6
70216.212
70266.2
70266.4
70466.2
70514.5
70866.3
71266.1
71436.4
71444.5
71663.6
71795.211
71795.6
72058.4
72072.5
72181.6
72182.212
72235.2
72235.4
72435.2
72488.5
72835.3
73235.1
76211.6
76530.6
76531.212
76608.2
76608.4
76808.2
76864.5
77208.3
77608.1
77945.6
78101.211
78101.6
78234.211
78234.6
78500.211
78500.6
78667.211
78667.6
78857.211
78857.6
78978.4
78987.5
79152.211
79152.6
79293.211
79293.6
79376.4
79396.5
79408.4
79422.5
79561.211
79561.6
79648.4
79662.5
79707.4
79712.5
79824.211
79824.6
79967.211
79967.6
80089.4
80104.5
80143.4
80152.5
80286.6
80287.212
80337.2
80337.4
80537.2
80581.5
80711.4
80860.5
80937.3
81337.1
81571.6
81795.211
81795.6
81970.4
81981.5
82001.4
82004.5
82012.4
82013.5
82044.4
82050.5
82196.6
82197.212
82242.2
82242.4
82442.2
82494.5
82591.4
82619.5
82842.3
83186.8
83242.1
83394.6
83833.6
83834.212
83887.2
83887.4
84087.2
84140.5
84238.4
84400.5
84412.4
84466.5
84487.3
84887.1
85222.6
85438.211
85438.6
85656.211
85656.6
85798.211
85798.6
86003.211
86003.6
86321.6
86322.212
86374.2
86374.4
86574.2
86619.5
86622.4
86625.5
86974.3
87374.1
87729.6
87868.211
87868.6
88038.211
88038.6
88256.211
88256.6
88617.6
88618.212
88677.2
88677.4
88877.2
88930.5
89277.3
89677.1
89891.6
90358.6
90359.212
90449.2
90449.4
90649.2
90697.5
91049.3
91449.1
91586.6
92271.6
92272.212
92328.2
92328.4
92528.2
92574.5
92928.3
93328.1
93581.6
93748.211
93748.6
93866.4
93876.5
94024.211
94024.6
94074.4
94084.5
94248.211
94248.6
94302.4
94313.5
94342.4
94343.5
94352.4
94353.5
94497.211
94497.6
94550.4
94591.5
94624.4
94625.5
94768.211
94768.6
94832.4
94842.5
94844.4
94854.5
94886.4
94887.5
94905.4
94906.5
95057.211
95057.6
95141.4
95154.5
95224.4
95225.5
95359.6
95360.212
95403.2
95403.4
95603.2
95655.5
95658.4
95665.5
95773.4
95789.5
96003.3
96403.1
96981.4
96987.5
97099.6
97315.211
97315.6
97442.211
97442.6
97635.211
97635.6
97868.211
97868.6
97940.4
97952.5
98065.211
98065.6
98145.4
98157.5
98292.211
98292.6
98506.211
98506.6
98696.211
98696.6
98759.4
98769.5
98772.4
98774.5
98799.4
98811.5
98961.211
98961.6
99140.211
99140.6
99218.4
99234.5
99507.6
99508.212
99560.2
99560.4
99760.2
99803.5
99913.4
99963.5
100160.3
100560.1
100996.6
101183.211
101183.6
101586.6
101587.212
101643.2
101643.4
101843.2
101886.5
102243.3
102643.1
103203.6
103491.211
103491.6
103664.211
103664.6
103771.211
103771.6
104068.211
104068.6
104075.211
104075.6
104315.211
104315.6
104659.6
104660.212
104718.2
104718.4
104918.2
104973.5
105168.4
105235.5
105318.3
105718.1
106089.6
106739.6
106740.212
106786.2
106786.4
106986.2
107021.5
107024.4
107026.5
107386.3
107602.4
107634.5
107642.4
107660.5
107786.1
108139.6
108424.211
108424.6
108608.211
108608.6
108787.211
108787.6
109163.6
109164.212
109232.2
109232.4
109432.2
109478.5
109832.3
110232.1
110480.6
110774.211
110774.6
110953.211
110953.6
111145.211
111145.6
111447.6
111448.212
111503.2
111503.4
111703.2
111755.5
112103.3
112503.1
113162.6
113553.6
113554.212
113607.2
113607.4
113807.2
113847.5
114207.3
114607.1
115097.6
115184.4
115204.5
115332.211
115332.6
115423.4
115441.5
115557.4
115561.5
115563.4
115566.5
115704.6
115705.212
115750.2
115750.4
115950.2
116000.5
116261.4
116318.5
116334.4
116350.3
116351.5
116660.4
116669.5
116750.1
117127.6
117373.211
117373.6
117607.211
117607.6
118018.6
118019.212
118085.2
118085.4
118285.2
118338.5
118685.3
119085.1
119510.6
119791.211
119791.6
120002.211
120002.6
120187.211
120187.6
120385.211
120385.6
120594.4
120606.5
120624.4
120628.5
120776.6
120777.212
120831.2
120831.4
121031.2
121081.5
121301.4
121305.5
121347.4
121431.3
121442.5
121831.1
122224.6
122623.6
122624.212
122682.2
122682.4
122882.2
122922.5
122923.4
122933.5
123172.4
123228.5
123282.3
123575.8
123682.1
123815.4
123827.5
123927.6
124187.211
124187.6
124364.211
124364.6
124548.211
124548.6
125367.6
125368.212
125441.2
125441.4
125641.2
125696.5
125699.4
125702.5
125704.4
125706.5
126041.3
126441.1
127449.6
127561.211
127561.6
127708.211
127708.6
127928.211
127928.6
128114.211
128114.6
128246.211
128246.6
128406.211
128406.6
128802.6
128803.212
128847.2
128847.4
129047.2
129103.5
129190.4
129246.5
129447.3
129847.1
130352.6
130434.211
130434.6
130489.211
130489.6
130640.211
130640.6
130744.211
130744.6
130953.211
130953.6
131208.211
131208.6
131482.211
131482.6
131676.211
131676.6
131869.211
131869.6
132029.211
132029.6
132796.6
132797.212
132850.2
132850.4
133050.2
133131.5
133450.3
133850.1
133889.4
133988.5
134560.6
134867.6
134868.212
134938.2
134938.4
135138.2
135197.5
135420.4
135538.3
135574.5
135938.1
136518.6
136664.211
136664.6
136866.211
136866.6
137038.211
137038.6
137251.211
137251.6
137339.4
137348.5
137359.4
137366.5
137488.211
137488.6
137569.4
137582.5
137613.4
137629.5
137772.211
137772.6
137913.211
137913.6
137981.4
137988.5
138166.211
138166.6
138228.4
138241.5
138276.4
138277.5
138292.4
138293.5
138446.211
138446.6
138558.211
138558.6
138806.4
138825.5
138831.4
138887.5
138909.4
138984.5
139101.6
139102.212
139157.2
139157.4
139357.2
139401.5
139404.4
139406.5
139757.3
140157.1
140290.6
140495.211
140495.6
140651.211
140651.6
140756.4
140767.5
140775.4
140777.5
140864.211
140864.6
141032.4
141042.5
141183.6
141184.212
141231.2
141231.4
141431.2
141476.5
141480.4
141486.5
141750.4
141774.5
141831.3
142231.1
142498.6
142797.211
142797.6
142958.211
142958.6
143262.6
143263.212
143311.2
143311.4
143511.2
143557.5
143558.4
143562.5
143911.3
144311.1
144724.6
144859.211
144859.6
145115.211
145115.6
145438.6
145439.212
145510.2
145510.4
145710.2
145764.5
146081.4
146088.5
146110.3
146510.1
147027.6
147414.6
147415.212
147483.2
147483.4
147683.2
147736.5
148083.3
148483.1
150246.6
150355.211
150355.6
150680.6
150681.212
150738.2
150738.4
150938.2
151000.5
151338.3
151738.1
152488.6
152615.211
152615.6
153034.6
153035.212
153094.2
153094.4
153294.2
153357.5
153694.3
154094.1
154419.4
154447.5
154608.6
154775.211
154775.6
154852.4
154866.5
154877.4
154887.5
155042.211
155042.6
155215.211
155215.6
155471.211
155471.6
155800.6
155801.212
155847.2
155847.4
156047.2
156096.5
156447.3
156847.1
157271.6
157411.211
157411.6
157555.211
157555.6
157566.211
157566.6
157602.211
157602.6
157661.211
157661.6
157720.211
157720.6
157775.211
157775.6
157838.211
157838.6
157870.211
157870.6
157949.211
157949.6
158021.211
158021.6
158107.211
158107.6
158211.211
158211.6
158405.211
158405.6
158828.6
158829.212
158889.2
158889.4
159089.2
159151.5
159360.4
159362.5
159368.4
159489.3
159521.5
159889.1
160040.6
160248.211
160248.6
160490.211
160490.6
160604.211
160604.6
160831.211
160831.6
161140.6
161141.212
161195.2
161195.4
161395.2
161449.5
161795.3
162195.1
163367.4
163375.5
163379.4
163382.5
163384.4
163394.5
163407.4
163494.5
163670.6
164020.6
164021.212
164085.2
164085.4
164285.2
164330.5
164685.3
165085.1
165371.6
165598.211
165598.6
165916.6
165917.212
165985.2
165985.4
166185.2
166234.5
166585.3
166985.1
167634.6
167783.211
167783.6
167845.211
167845.6
167938.211
167938.6
168271.6
168272.212
168362.2
168362.4
168562.2
168680.5
168962.3
168972.4
168975.5
168984.4
169183.5
169362.1
170033.6
170110.211
170110.6
170167.211
170167.6
170320.211
170320.6
170893.6
170894.212
170910.6
170967.2
170967.4
171167.2
171330.5
171567.3
171726.4
171777.5
171967.1
172239.6
172349.211
172349.6
172488.211
172488.6
172695.211
172695.6
172794.211
172794.6
173976.6
173977.212
174034.2
174034.4
174234.2
174373.5
174634.3
175034.1
175662.6
175732.211
175732.6
175940.211
175940.6
176087.211
176087.6
176301.211
176301.6
176593.211
176593.6
176694.211
176694.6
177121.4
177168.5
177171.4
177175.5
177342.6
177343.212
177392.2
177392.4
177592.2
177707.5
177992.3
178392.1
178534.6
178818.211
178818.6
178995.211
178995.6
179204.211
179204.6
179326.211
179326.6
179622.211
179622.6
179856.211
179856.6
179964.211
180000.9
123456789
