4
07
17
4
07
17
0
0
0
5
15
09
17
15
42
17
6
2
1855
0
0
0
314159265
56
0
197
180000
314159265
0.1
630.6
688.4
702.5
703.4
745.5
832.211
832.6
904.211
904.6
1021.211
1021.6
1139.211
1139.6
1212.211
1212.6
1294.211
1294.6
1362.211
1362.6
1394.211
1394.6
1479.211
1479.6
1514.211
1514.6
1566.211
1566.6
1656.211
1656.6
1718.211
1718.6
1889.211
1889.6
1938.211
1938.6
2150.211
2150.6
2179.211
2179.6
2297.211
2297.6
2420.211
2420.6
2590.211
2590.6
2672.211
2672.6
2874.211
2874.6
3031.4
3039.5
3127.211
3127.6
3176.4
3183.5
3190.4
3211.5
3498.212
3498.6
3623.2
3623.4
3823.3
3870.5
3877.4
4074.5
4113.4
4157.5
4623.1
4635.6
4804.211
4804.6
4912.211
4912.6
4979.211
4979.6
5110.211
5110.6
5145.211
5145.6
5187.211
5187.6
5279.211
5279.6
5310.211
5310.6
5385.211
5385.6
5445.211
5445.6
5465.211
5465.6
5508.211
5508.6
5660.211
5660.6
5770.211
5770.6
5816.211
5816.6
5918.211
5918.6
5973.211
5973.6
6011.211
6011.6
6226.211
6226.6
6314.4
6315.5
6320.4
6322.5
6415.211
6415.6
6487.4
6507.5
6653.211
6653.6
6694.211
6694.6
6751.4
6762.5
6841.211
6841.6
6904.4
6920.5
6928.4
6960.5
7032.211
7032.6
7091.4
7101.5
7242.211
7242.6
7282.211
7282.6
7424.211
7424.6
7496.4
7524.5
7527.4
7560.5
7648.211
7648.6
7750.4
7758.5
7764.4
7771.5
7864.211
7864.6
7957.4
7985.5
7987.4
8030.5
8175.212
8175.6
8251.6
8315.2
8315.4
8515.3
8550.5
8623.4
8785.5
9214.6
9252.6
9315.1
9335.4
9338.5
9342.4
9361.5
9592.6
9686.211
9686.6
9782.211
9782.6
9816.211
9816.6
9939.211
9939.6
9989.4
9998.5
10070.211
10070.6
10107.211
10107.6
10178.4
10183.5
10258.211
10258.6
10294.211
10294.6
10357.4
10360.5
10363.4
10371.5
10463.211
10463.6
10505.211
10505.6
10567.4
10581.5
10647.211
10647.6
10692.211
10692.6
10812.211
10812.6
10855.211
10855.6
10887.211
10887.6
10937.4
10956.5
10957.4
10981.5
11140.211
11140.6
11176.211
11176.6
11222.211
11222.6
11254.211
11254.6
11355.211
11355.6
11402.211
11402.6
11462.4
11474.5
11540.211
11540.6
11580.211
11580.6
11643.4
11647.5
11739.211
11739.6
11780.211
11780.6
11860.4
11870.5
11937.211
11937.6
12129.211
12129.6
12243.211
12243.6
12397.211
12397.6
12689.211
12689.6
12737.211
12737.6
12977.211
12977.6
13023.211
13023.6
13155.211
13155.6
13213.211
13213.6
13355.211
13355.6
13480.211
13480.6
13540.211
13540.6
13883.4
13886.5
13948.212
13948.6
14005.6
14069.2
14069.4
14269.3
14300.5
14368.4
14529.5
15069.1
15210.6
15298.211
15298.6
15401.211
15401.6
15475.211
15475.6
15568.211
15568.6
15634.211
15634.6
15711.4
15713.5
15716.4
15720.5
15791.211
15791.6
15891.211
15891.6
15942.211
15942.6
16112.211
16112.6
16174.211
16174.6
16229.211
16229.6
16281.211
16281.6
16342.4
16362.5
16436.211
16436.6
16606.211
16606.6
16648.211
16648.6
16822.211
16822.6
16876.211
16876.6
16928.211
16928.6
17083.211
17083.6
17183.4
17200.5
17460.212
17460.6
17531.6
17586.2
17586.4
17786.3
17801.5
17897.4
18023.5
18586.1
18661.6
18810.211
18810.6
18845.211
18845.6
18914.211
18914.6
19016.211
19016.6
19061.211
19061.6
19104.211
19104.6
19221.211
19221.6
19276.211
19276.6
19560.211
19560.6
19581.211
19581.6
19627.211
19627.6
19716.211
19716.6
19752.211
19752.6
19793.211
19793.6
19972.211
19972.6
20012.211
20012.6
20383.212
20383.6
20457.2
20457.4
20470.5
20473.4
20657.3
20681.5
20808.4
20980.5
21457.1
21740.6
21759.211
21759.6
21804.211
21804.6
22141.212
22141.6
22282.2
22282.4
22482.3
22520.5
22639.4
22830.5
23282.1
23495.6
23550.211
23550.6
23616.4
23626.5
23628.4
23634.5
23743.211
23743.6
23768.211
23768.6
23887.211
23887.6
23952.211
23952.6
24062.211
24062.6
24111.211
24111.6
24433.212
24433.6
24450.6
24551.2
24551.4
24751.3
24752.5
24905.4
25110.5
25551.1
25616.4
25684.5
25894.6
25935.211
25935.6
26019.211
26019.6
26039.211
26039.6
26255.211
26255.6
26311.211
26311.6
26545.211
26545.6
26631.211
26631.6
26751.211
26751.6
26814.211
26814.6
26913.211
26913.6
26995.211
26995.6
27497.212
27497.6
27597.2
27597.4
27790.5
27797.3
27873.4
28072.5
28597.1
29822.6
29968.211
29968.6
30143.211
30143.6
30190.211
30190.6
30317.211
30317.6
30407.211
30407.6
30445.211
30445.6
30517.211
30517.6
30613.211
30613.6
30632.211
30632.6
30657.211
30657.6
30817.211
30817.6
30865.211
30865.6
30950.211
30950.6
30998.211
30998.6
31158.211
31158.6
31192.211
31192.6
31241.211
31241.6
31278.211
31278.6
31596.212
31596.6
31701.2
31701.4
31901.3
31920.5
31921.4
31922.5
32013.4
32173.5
32701.1
32905.6
32935.211
32935.6
32970.211
32970.6
33019.4
33022.5
33092.211
33092.6
33174.211
33174.6
33207.211
33207.6
33292.211
33292.6
33344.211
33344.6
33531.211
33531.6
33624.211
33624.6
33647.211
33647.6
33740.4
33760.5
33902.211
33902.6
34141.211
34141.6
34436.211
34436.6
34457.211
34457.6
34536.211
34536.6
34680.211
34680.6
34866.211
34866.6
35115.4
35132.5
35232.212
35232.6
35311.6
35371.2
35371.4
35571.3
35618.5
35724.4
35831.5
36371.1
36423.6
36540.211
36540.6
36653.211
36653.6
36711.211
36711.6
36822.211
36822.6
36901.211
36901.6
36983.211
36983.6
37113.211
37113.6
37138.211
37138.6
37208.211
37208.6
37484.211
37484.6
37568.211
37568.6
37810.4
37812.5
38198.212
38198.6
38283.2
38283.4
38483.3
38519.5
38612.4
38728.5
39283.1
39499.6
39656.211
39656.6
39791.211
39791.6
39831.211
39831.6
40052.211
40052.6
40108.211
40108.6
40188.211
40188.6
40229.211
40229.6
40316.211
40316.6
40373.211
40373.6
40465.211
40465.6
40531.211
40531.6
40678.211
40678.6
40827.211
40827.6
40962.211
40962.6
40982.211
40982.6
41167.211
41167.6
41232.211
41232.6
41398.211
41398.6
41590.211
41590.6
42499.212
42499.6
42594.2
42594.4
42794.3
42825.5
42892.4
43014.5
43594.1
43655.6
43679.211
43679.6
43795.211
43795.6
43813.211
43813.6
43895.211
43895.6
43960.4
43983.5
44118.211
44118.6
44166.211
44166.6
44475.212
44475.6
44498.6
44566.2
44566.4
44766.3
44785.5
44913.4
45054.5
45369.4
45386.5
45391.4
45451.5
45453.4
45454.5
45566.1
46332.6
46383.211
46383.6
46476.211
46476.6
46519.211
46519.6
46546.211
46546.6
46583.211
46583.6
46862.211
46862.6
46904.211
46904.6
46994.211
46994.6
47039.211
47039.6
47115.211
47115.6
47284.211
47284.6
47504.211
47504.6
47529.211
47529.6
47634.211
47634.6
47790.211
47790.6
47819.211
47819.6
47874.211
47874.6
47966.4
47968.5
48077.211
48077.6
48188.4
48195.5
48319.211
48319.6
48605.211
48605.6
48666.211
48666.6
48757.211
48757.6
48890.211
48890.6
48960.4
48962.5
48975.4
49001.5
49353.212
49353.6
49452.2
49452.4
49652.3
49674.5
49770.4
49898.5
50452.1
50896.6
50946.211
50946.6
51119.211
51119.6
51185.211
51185.6
51652.212
51652.6
51914.2
51914.4
52114.3
52135.5
52914.1
53387.6
53452.4
53459.5
53558.211
53558.6
53713.211
53713.6
53767.211
53767.6
53956.211
53956.6
54352.212
54352.6
54448.2
54448.4
54648.3
54660.5
54829.4
54889.5
55448.1
55735.6
55755.211
55755.6
56098.212
56098.6
56189.2
56189.4
56389.3
56424.5
56551.4
56678.5
57189.1
57775.6
57893.211
57893.6
58015.211
58015.6
58036.211
58036.6
58233.211
58233.6
58292.211
58292.6
58479.211
58479.6
58502.211
58502.6
58746.211
58746.6
58800.211
58800.6
58882.4
58959.5
59419.212
59419.6
59509.2
59509.4
59709.3
59740.5
59829.4
59970.5
60509.1
60824.6
60927.211
60927.6
61273.212
61273.6
61366.2
61366.4
61566.3
61576.5
61764.4
61962.5
62366.1
63039.6
63156.211
63156.6
63328.211
63328.6
63353.211
63353.6
63517.211
63517.6
63540.211
63540.6
63567.211
63567.6
63697.211
63697.6
63713.211
63713.6
63812.211
63812.6
64296.212
64296.6
64395.2
64395.4
64595.3
64619.5
64711.4
64719.5
64723.4
64844.5
65395.1
65901.6
65981.211
65981.6
66117.211
66117.6
66380.211
66380.6
66808.212
66808.6
66906.2
66906.4
67104.5
67106.3
67182.4
67305.5
67906.1
68064.6
68113.211
68113.6
68173.4
68185.5
68306.211
68306.6
68402.211
68402.6
68470.211
68470.6
68756.211
68756.6
68827.211
68827.6
68928.211
68928.6
68947.211
68947.6
69128.211
69128.6
69171.211
69171.6
69297.211
69297.6
69489.211
69489.6
69722.211
69722.6
69984.211
69984.6
70325.212
70325.6
70408.2
70408.4
70413.5
70418.4
70608.3
70644.5
70790.4
70922.5
71408.1
71498.6
71653.211
71653.6
71672.211
71672.6
71716.211
71716.6
71932.211
71932.6
72033.211
72033.6
72229.211
72229.6
72267.211
72267.6
72317.211
72317.6
72550.211
72550.6
72682.211
72682.6
72850.211
72850.6
72961.4
72981.5
73138.211
73138.6
73227.4
73241.5
73248.4
73265.5
73270.4
73287.5
73413.211
73413.6
73576.211
73576.6
73665.211
73665.6
73887.211
73887.6
73972.211
73972.6
74046.211
74046.6
74325.211
74325.6
74639.212
74639.6
74728.2
74728.4
74928.3
74960.5
75034.4
75180.5
75728.1
76077.6
76232.211
76232.6
76435.211
76435.6
76623.211
76623.6
76914.211
76914.6
76976.211
76976.6
77148.211
77148.6
77243.4
77250.5
77629.4
77658.5
77672.4
77712.5
77727.4
77929.5
78066.212
78066.6
78157.2
78157.4
78357.3
78387.5
78469.4
78624.5
79157.1
80454.6
80650.211
80650.6
80735.211
80735.6
81019.211
81019.6
81194.4
81203.5
81222.4
81291.5
81902.212
81902.6
81918.6
81973.2
81973.4
81974.5
81975.4
81976.5
81977.4
81982.5
81986.4
82173.3
82202.5
82286.4
82500.5
82519.4
82576.5
82973.1
83922.6
84200.211
84200.6
84371.4
84437.5
85233.212
85233.6
85298.2
85298.4
85498.3
85534.5
85618.4
85770.5
86298.1
86612.6
86734.211
86734.6
86749.211
86749.6
86901.211
86901.6
87064.211
87064.6
87204.211
87204.6
87329.211
87329.6
87729.212
87729.6
87745.6
87821.2
87821.4
88021.3
88044.5
88121.4
88283.5
88821.1
89195.6
89318.211
89318.6
89572.211
89572.6
89836.211
89836.6
90068.211
90068.6
90225.211
90225.6
90325.211
90325.6
90466.211
90466.6
90629.211
90629.6
90866.211
90866.6
91184.212
91184.6
91267.2
91267.4
91273.5
91277.4
91467.3
91507.5
91568.4
91764.5
92267.1
93471.4
93474.5
93475.4
93506.5
93638.6
93764.211
93764.6
94149.212
94149.6
94245.2
94245.4
94445.3
94482.5
94570.4
94734.5
94919.4
95029.5
95245.1
95944.6
96093.211
96093.6
96108.211
96108.6
96222.211
96222.6
96374.211
96374.6
96586.211
96586.6
96602.211
96602.6
97131.212
97131.6
97150.6
97208.2
97208.4
97218.5
97220.4
97408.3
97438.5
97654.4
97829.5
97837.4
97840.5
97842.4
97844.5
97847.4
97888.5
98208.1
98666.6
98688.211
98688.6
98776.211
98776.6
99027.211
99027.6
99178.211
99178.6
99271.211
99271.6
99452.211
99452.6
99516.211
99516.6
99873.212
99873.6
99891.6
99968.2
99968.4
100168.3
100188.5
100439.4
100531.5
100968.1
101044.4
101056.5
101058.4
101094.5
101232.6
101247.211
101247.6
101426.211
101426.6
101703.211
101703.6
101956.211
101956.6
102127.4
102147.5
102296.212
102296.6
102376.2
102376.4
102567.5
102576.3
102880.4
102997.5
103376.1
103421.6
103572.211
103572.6
103585.211
103585.6
103751.211
103751.6
103908.211
103908.6
104142.211
104142.6
104406.211
104406.6
104598.211
104598.6
104698.211
104698.6
104958.211
104958.6
104976.211
104976.6
105302.212
105302.6
105368.2
105368.4
105568.3
105599.5
106002.4
106079.5
106368.1
106884.6
106998.211
106998.6
107129.211
107129.6
107347.211
107347.6
107500.211
107500.6
107613.211
107613.6
107820.211
107820.6
107989.211
107989.6
108067.211
108067.6
108452.212
108452.6
108543.2
108543.4
108743.3
108749.5
108950.4
109076.5
109543.1
109825.6
109931.211
109931.6
109994.211
109994.6
110182.211
110182.6
110310.211
110310.6
110447.211
110447.6
110628.211
110628.6
110651.211
110651.6
110879.211
110879.6
110969.211
110969.6
111041.211
111041.6
111065.211
111065.6
111130.211
111130.6
111595.212
111595.6
111684.2
111684.4
111884.3
111895.5
112011.4
112152.5
112684.1
113111.6
113147.211
113147.6
113283.4
113291.5
113305.4
113345.5
113434.211
113434.6
113463.211
113463.6
113631.211
113631.6
113663.211
113663.6
113742.211
113742.6
113948.211
113948.6
114110.211
114110.6
114367.211
114367.6
114440.211
114440.6
114727.211
114727.6
114784.211
114784.6
115071.211
115071.6
115165.211
115165.6
115363.211
115363.6
115607.211
115607.6
115706.211
115706.6
115945.211
115945.6
115967.211
115967.6
116011.211
116011.6
116102.211
116102.6
116432.212
116432.6
116553.2
116553.4
116753.3
116769.5
116877.4
117006.5
117553.1
118369.6
118403.211
118403.6
118472.211
118472.6
118501.211
118501.6
118602.211
118602.6
118628.211
118628.6
118663.211
118663.6
118876.211
118876.6
118994.211
118994.6
119332.212
119332.6
119397.2
119397.4
119399.5
119407.4
119597.3
119605.5
119607.4
119608.5
119880.4
119975.5
120397.1
121906.6
121931.211
121931.6
122016.211
122016.6
122055.211
122055.6
122180.211
122180.6
122265.211
122265.6
122592.212
122592.6
122682.2
122682.4
122882.3
122918.5
123329.4
123344.5
123349.4
123365.5
123373.4
123429.5
123682.1
124536.6
124584.211
124584.6
124648.211
124648.6
124688.211
124688.6
124826.211
124826.6
124961.211
124961.6
125003.211
125003.6
125287.211
125287.6
125406.211
125406.6
125629.211
125629.6
125688.211
125688.6
125838.211
125838.6
125906.211
125906.6
126127.211
126127.6
126219.211
126219.6
126299.211
126299.6
126687.212
126687.6
126776.2
126776.4
126976.3
127013.5
127095.4
127201.5
127776.1
128876.6
129057.211
129057.6
129129.211
129129.6
129168.211
129168.6
129314.211
129314.6
129374.211
129374.6
129635.211
129635.6
129708.211
129708.6
129751.211
129751.6
129786.211
129786.6
129832.211
129832.6
130100.211
130100.6
130126.211
130126.6
130177.211
130177.6
130195.211
130195.6
130254.211
130254.6
130269.211
130269.6
130360.211
130360.6
130421.211
130421.6
130615.211
130615.6
130646.211
130646.6
130669.211
130669.6
130737.211
130737.6
130766.211
130766.6
130892.211
130892.6
130929.211
130929.6
131146.211
131146.6
131212.211
131212.6
131256.211
131256.6
131359.211
131359.6
131639.211
131639.6
131716.211
131716.6
131937.211
131937.6
132008.211
132008.6
132193.211
132193.6
132275.211
132275.6
132464.211
132464.6
132549.211
132549.6
132798.211
132798.6
133053.211
133053.6
133114.211
133114.6
133372.211
133372.6
133695.212
133695.6
133733.6
133813.2
133813.4
134013.3
134055.5
134137.4
134243.5
134813.1
135359.6
135692.212
135692.6
135724.6
135787.2
135787.4
135987.3
136008.5
136188.4
136270.5
136787.1
137978.6
138007.211
138007.6
138044.211
138044.6
138123.211
138123.6
138210.211
138210.6
138229.211
138229.6
138497.211
138497.6
138581.211
138581.6
138777.211
138777.6
138843.211
138843.6
138876.211
138876.6
139242.212
139242.6
139333.2
139333.4
139533.3
139558.5
140333.1
140679.6
140780.211
140780.6
140827.211
140827.6
140983.211
140983.6
141022.211
141022.6
141076.211
141076.6
141195.211
141195.6
141222.211
141222.6
141291.211
141291.6
141342.211
141342.6
141569.211
141569.6
141619.211
141619.6
141684.211
141684.6
141802.211
141802.6
141922.211
141922.6
142000.211
142000.6
143322.212
143322.6
143407.2
143407.4
143607.3
143642.5
143759.4
143845.5
144189.6
144237.6
144305.6
144407.1
144594.6
144634.211
144634.6
144940.212
144940.6
145043.2
145043.4
145234.5
145243.3
145508.4
145629.5
146043.1
146253.6
146546.211
146546.6
146812.211
146812.6
146854.211
146854.6
147062.211
147062.6
147118.211
147118.6
147397.211
147397.6
147414.211
147414.6
149289.212
149289.6
149382.2
149382.4
149582.3
149614.5
150382.1
150809.6
151152.212
151152.6
151246.2
151246.4
151446.3
151480.5
151591.4
151752.5
152246.1
155213.6
155242.211
155242.6
155346.211
155346.6
155521.211
155521.6
155880.212
155880.6
155990.2
155990.4
156190.3
156211.5
156310.4
156420.5
156990.1
157121.4
157144.5
157282.6
157675.212
157675.6
157763.2
157763.4
157963.3
157974.5
158763.1
159195.6
159323.211
159323.6
159550.211
159550.6
159660.211
159660.6
159864.211
159864.6
159879.211
159879.6
160034.211
160034.6
160092.211
160092.6
160319.211
160319.6
160428.211
160428.6
160449.211
160449.6
160518.211
160518.6
160722.211
160722.6
160798.211
160798.6
160923.211
160923.6
161227.212
161227.6
161307.2
161307.4
161507.3
161507.5
161703.4
161800.5
162307.1
162357.6
162529.211
162529.6
162696.211
162696.6
162892.211
162892.6
162926.211
162926.6
163007.211
163007.6
163221.211
163221.6
163262.211
163262.6
163371.211
163371.6
163485.211
163485.6
163503.211
163503.6
163679.211
163679.6
163965.211
163965.6
163989.211
163989.6
164054.211
164054.6
164143.211
164143.6
164422.211
164422.6
164530.211
164530.6
164595.211
164595.6
164776.211
164776.6
164794.211
164794.6
164829.211
164829.6
164984.211
164984.6
165099.211
165099.6
165150.211
165150.6
165420.211
165420.6
165609.211
165609.6
165699.211
165699.6
165966.211
165966.6
166069.211
166069.6
166105.211
166105.6
166419.212
166419.6
166511.2
166511.4
166711.3
166739.5
166828.4
166928.5
167511.1
167822.6
168268.212
168268.6
168392.2
168392.4
168592.3
168605.5
168716.4
168806.5
169392.1
170245.6
170364.211
170364.6
170610.211
170610.6
170828.211
170828.6
171194.212
171194.6
171282.2
171282.4
171482.3
171513.5
171638.4
171752.5
172282.1
172597.6
172997.212
172997.6
173113.2
173113.4
173303.5
173313.3
173540.4
173627.5
174113.1
174449.6
174746.211
174746.6
174769.211
174769.6
174776.211
174776.6
175115.212
175115.6
175205.2
175205.4
175405.3
175410.5
176205.1
177151.6
177220.211
177220.6
177377.211
177377.6
177761.212
177761.6
177855.2
177855.4
178055.3
178084.5
178182.4
178263.5
178855.1
178866.6
179327.212
179327.6
179412.2
179412.4
179612.3
180000.9
123456789
4
08
17
4
08
17
0
0
0
5
15
05
07
15
38
07
6
2
1256
0
0
0
314159265
62
1
169
180000
314159265
0.1
13.6
524.6
525.212
609.2
609.4
615.5
627.4
809.2
1177.5
1192.4
1209.3
1311.5
1329.4
1501.5
1609.1
1787.6
1861.211
1861.6
2135.211
2135.6
2241.211
2241.6
2433.211
2433.6
2580.4
2587.5
2695.211
2695.6
2722.211
2722.6
2780.211
2780.6
3063.211
3063.6
3374.6
3375.212
3464.2
3464.4
3664.2
3723.5
3724.4
3726.5
3777.4
4052.5
4064.3
4464.1
5020.6
5231.211
5231.6
10306.6
10307.212
10405.2
10405.4
10605.2
10632.5
10715.4
10888.5
11005.3
11405.1
11447.6
11763.6
11764.212
11833.2
11833.4
11848.5
11850.4
12033.2
12059.5
12130.4
12338.5
12433.3
12562.4
12675.5
12833.1
13277.6
13308.211
13308.6
13386.211
13386.6
13609.211
13609.6
13700.211
13700.6
14133.6
14134.212
14206.2
14206.4
14406.2
14412.5
14415.4
14422.5
14560.4
14713.5
14806.3
15206.1
15407.6
15474.211
15474.6
15755.211
15755.6
15986.211
15986.6
16297.6
16298.212
16377.2
16377.4
16577.2
16590.5
16760.4
16941.5
16977.3
17377.1
17909.6
17962.211
17962.6
18112.211
18112.6
18316.211
18316.6
18338.211
18338.6
18883.6
18884.212
18962.2
18962.4
19162.2
19184.5
19372.4
19519.5
19562.3
19962.1
20215.6
20380.211
20380.6
20465.211
20465.6
20653.211
20653.6
20720.211
20720.6
20964.211
20964.6
21087.4
21098.5
21272.6
21273.212
21341.2
21341.4
21541.2
21570.5
21941.3
22341.1
22829.6
23012.211
23012.6
23884.6
23885.212
23905.6
23952.2
23952.4
23963.5
23964.4
24152.2
24178.5
24381.4
24528.5
24552.3
24952.1
25330.6
25659.6
25660.212
25713.2
25713.4
25727.5
25728.4
25913.2
25916.5
26186.4
26313.3
26365.5
26713.1
26942.6
26959.211
26959.6
27030.211
27030.6
27099.211
27099.6
27417.6
27418.212
27500.2
27500.4
27503.5
27505.4
27700.2
27708.5
27925.4
27927.5
27928.4
28100.3
28104.5
28500.1
28942.6
29234.211
29234.6
29305.211
29305.6
29498.211
29498.6
29558.211
29558.6
29966.6
29967.212
30038.2
30038.4
30238.2
30268.5
30457.4
30638.3
30643.5
30958.4
31038.1
31062.5
31253.4
31267.5
31275.4
31339.5
31349.4
31452.5
31756.6
31941.211
31941.6
32119.211
32119.6
32989.6
32990.212
33076.2
33076.4
33272.5
33276.2
33552.4
33676.3
33733.5
33929.6
34076.1
34464.6
34909.6
34910.212
35002.2
35002.4
35194.5
35202.2
35432.4
35576.5
35602.3
36002.1
36460.6
36549.211
36549.6
36661.211
36661.6
37095.6
37096.212
37171.2
37171.4
37371.2
37380.5
37591.4
37745.5
37771.3
38171.1
38498.6
38559.211
38559.6
38757.4
38794.5
38886.6
38887.212
38958.2
38958.4
39146.5
39158.2
39410.4
39558.3
39586.5
39958.1
40215.6
40305.211
40305.6
40474.211
40474.6
40631.211
40631.6
40745.211
40745.6
40951.211
40951.6
41016.211
41016.6
41230.211
41230.6
41408.211
41408.6
41560.211
41560.6
42181.6
42182.212
42271.2
42271.4
42460.5
42471.2
42701.4
42862.5
42871.3
43271.1
43432.6
43454.211
43454.6
43651.211
43651.6
43666.211
43666.6
44044.6
44045.212
44106.2
44106.4
44108.5
44110.4
44111.5
44118.4
44306.2
44321.5
44554.4
44706.3
44709.5
45106.1
45461.6
45690.211
45690.6
45815.4
45824.5
45950.211
45950.6
45966.211
45966.6
46076.211
46076.6
46153.211
46153.6
46381.211
46381.6
46517.211
46517.6
46792.211
46792.6
46899.211
46899.6
46966.211
46966.6
47099.211
47099.6
47247.4
47262.5
47392.211
47392.6
47490.211
47490.6
47593.211
47593.6
47830.211
47830.6
47872.211
47872.6
47962.211
47962.6
47982.211
47982.6
48028.211
48028.6
48233.211
48233.6
48271.211
48271.6
48631.6
48632.212
48721.2
48721.4
48921.2
48954.5
49107.4
49257.5
49321.3
49721.1
50100.6
50359.211
50359.6
50382.211
50382.6
50525.211
50525.6
50793.211
50793.6
50819.211
50819.6
50895.211
50895.6
51000.211
51000.6
51362.6
51363.212
51433.2
51433.4
51437.5
51438.4
51633.2
51666.5
51864.4
52015.5
52033.3
52433.1
52582.6
53053.6
53054.212
53128.2
53128.4
53328.2
53346.5
53624.4
53728.3
53854.5
54056.8
54128.1
54626.6
54752.211
54752.6
54961.211
54961.6
55359.6
55360.212
55450.2
55450.4
55624.5
55650.2
55944.4
56050.3
56114.5
56450.1
56904.6
57128.211
57128.6
57249.211
57249.6
57640.6
57641.212
57715.2
57715.4
57915.2
57929.5
58157.4
58300.5
58315.3
58715.1
58979.6
59052.211
59052.6
59209.211
59209.6
59326.4
59356.5
59466.211
59466.6
59520.211
59520.6
59700.211
59700.6
59765.211
59765.6
60014.211
60014.6
60209.211
60209.6
60374.211
60374.6
60568.211
60568.6
60874.6
60875.212
60969.2
60969.4
61169.2
61383.5
61419.4
61469.5
61569.3
61969.1
62634.6
63084.4
63122.5
63380.6
63381.212
63471.2
63471.4
63671.2
63705.5
63815.4
63927.5
64071.3
64471.1
65213.6
65443.211
65443.6
65464.211
65464.6
66670.4
66683.5
66954.6
66955.212
67083.2
67083.4
67283.2
67318.5
67534.4
67663.5
67683.3
68083.1
68944.4
68973.5
69117.6
69225.211
69225.6
69820.6
69821.212
69899.2
69899.4
70099.2
70116.5
70336.4
70499.3
70513.5
70519.4
70527.5
70529.4
70648.5
70668.4
70812.5
70814.4
70823.5
70846.4
70889.5
70899.1
73276.6
73615.6
73616.212
73703.2
73703.4
73903.2
73924.5
74189.4
74303.3
74331.5
74703.1
75129.6
75465.6
75466.212
75554.2
75554.4
75754.2
75782.5
76063.4
76154.3
76227.5
76554.1
76940.6
77179.211
77179.6
77503.6
77504.212
77596.2
77596.4
77796.2
77807.5
78142.4
78196.3
78228.5
78596.1
79023.6
79098.211
79098.6
79160.211
79160.6
79177.211
79177.6
79316.211
79316.6
79511.211
79511.6
79599.211
79599.6
79753.211
79753.6
79813.211
79813.6
79977.211
79977.6
80216.211
80216.6
80416.211
80416.6
80726.6
80727.212
80825.2
80825.4
81025.2
81059.5
81335.4
81423.5
81425.3
81825.1
82356.6
82439.211
82439.6
82623.211
82623.6
82819.211
82819.6
82998.211
82998.6
83257.211
83257.6
83502.211
83502.6
84055.6
84056.212
84139.2
84139.4
84339.2
84374.5
84575.4
84641.5
84739.3
85139.1
85397.6
85523.211
85523.6
85559.211
85559.6
85773.211
85773.6
85959.211
85959.6
85975.211
85975.6
86217.211
86217.6
86440.211
86440.6
86854.6
86855.212
86941.2
86941.4
87141.2
87173.5
87398.4
87457.5
87541.3
87941.1
88560.6
88860.211
88860.6
88983.211
88983.6
89088.211
89088.6
89263.211
89263.6
89488.211
89488.6
89904.6
89905.212
89991.2
89991.4
90191.2
90194.5
90420.4
90563.5
90591.3
90754.4
90789.5
90991.1
91684.6
92406.6
92407.212
92486.2
92486.4
92686.2
92696.5
92959.4
93058.5
93086.3
93470.4
93483.5
93486.1
93489.4
93510.5
93836.6
94036.211
94036.6
94523.6
94524.212
94541.6
94606.2
94606.4
94607.5
94618.4
94806.2
94812.5
95127.4
95206.3
95249.5
95590.6
95606.1
95642.6
95868.211
95868.6
95917.211
95917.6
96234.6
96235.212
96251.6
96322.2
96322.4
96522.2
96537.5
96767.4
96914.5
96922.3
97322.1
97465.6
97779.6
97780.212
97872.2
97872.4
98072.2
98072.5
98418.4
98472.3
98565.5
98872.1
99384.6
99457.211
99457.6
99551.211
99551.6
99569.211
99569.6
99616.211
99616.6
99860.211
99860.6
99966.211
99966.6
100077.211
100077.6
100337.211
100337.6
100585.211
100585.6
100673.211
100673.6
100924.211
100924.6
101002.211
101002.6
101203.211
101203.6
101248.211
101248.6
101317.211
101317.6
101449.211
101449.6
101681.211
101681.6
101786.211
101786.6
101874.211
101874.6
101911.211
101911.6
102190.211
102190.6
102276.211
102276.6
102342.211
102342.6
102496.211
102496.6
102652.211
102652.6
102740.211
102740.6
102877.211
102877.6
102901.211
102901.6
103242.6
103243.212
103347.2
103347.4
103547.2
103583.5
103947.3
104014.4
104116.5
104347.1
105509.6
105567.211
105567.6
105647.211
105647.6
105834.211
105834.6
106064.211
106064.6
106263.211
106263.6
106467.211
106467.6
106694.211
106694.6
107186.6
107187.212
107334.2
107334.4
107534.2
107567.5
107930.4
107934.3
108035.5
108334.1
108739.6
108929.211
108929.6
109136.211
109136.6
109193.211
109193.6
109274.211
109274.6
109399.211
109399.6
109574.211
109574.6
109856.211
109856.6
110089.211
110089.6
110373.211
110373.6
110614.211
110614.6
110684.211
110684.6
110887.211
110887.6
111407.6
111408.212
111492.2
111492.4
111692.2
111718.5
112092.3
112492.1
114105.6
114157.211
114157.6
114163.211
114163.6
114404.211
114404.6
115052.6
115053.212
115130.2
115130.4
115136.5
115138.4
115330.2
115361.5
115730.3
116130.1
122202.4
122233.5
122237.4
122268.5
122421.6
122446.211
122446.6
122820.6
122821.212
122916.2
122916.4
123116.2
123143.5
123380.4
123516.3
123571.5
123916.1
125202.6
125682.6
125683.212
125778.2
125778.4
125978.2
125996.5
126239.4
126378.3
126396.5
126778.1
127627.6
127779.211
127779.6
127989.211
127989.6
128208.211
128208.6
128270.211
128270.6
128451.211
128451.6
128667.211
128667.6
128684.211
128684.6
129023.6
129024.212
129096.2
129096.4
129296.2
129322.5
129696.3
129699.4
129826.5
130096.1
130428.4
130578.5
130592.4
130593.5
130607.4
130647.5
130652.4
130710.5
130715.4
130742.5
130748.4
130751.5
130753.4
130756.5
130761.4
130800.5
130801.4
130919.5
130923.4
130995.5
131474.6
131791.6
131792.212
131889.2
131889.4
132089.2
132109.5
132392.4
132489.3
132556.5
132889.1
133526.6
133760.211
133760.6
134012.211
134012.6
134312.211
134312.6
134658.6
134659.212
134734.2
134734.4
134934.2
134936.5
135334.3
135734.1
136098.6
136651.6
136652.212
136725.2
136725.4
136925.2
136935.5
137325.3
137725.1
139282.4
139297.5
139536.6
139620.4
139632.5
139738.211
139738.6
139813.211
139813.6
139995.211
139995.6
140050.211
140050.6
140326.211
140326.6
140521.211
140521.6
140690.211
140690.6
140828.211
140828.6
141052.211
141052.6
141256.211
141256.6
141483.211
141483.6
141683.211
141683.6
141906.211
141906.6
142127.211
142127.6
142182.211
142182.6
142331.211
142331.6
142741.6
142742.212
142818.2
142818.4
143018.2
143050.5
143282.4
143418.3
143430.5
143818.1
145141.6
145342.211
145342.6
145569.211
145569.6
145828.211
145828.6
146264.6
146265.212
146340.2
146340.4
146540.2
146568.5
146569.4
146570.5
146799.4
146925.5
146940.3
147340.1
147947.6
148650.6
148651.212
148740.2
148740.4
148940.2
148965.5
149230.4
149340.3
149364.5
149740.1
150260.6
151788.6
151789.212
151875.2
151875.4
152075.2
152098.5
152475.3
152866.4
152875.1
152932.5
153392.6
153539.211
153539.6
154036.6
154037.212
154116.2
154116.4
154316.2
154330.5
154626.4
154716.3
154754.5
155116.1
155935.6
156187.211
156187.6
156387.211
156387.6
156589.211
156589.6
156687.211
156687.6
156862.211
156862.6
156945.211
156945.6
157149.211
157149.6
157635.6
157636.212
157702.2
157702.4
157902.2
157920.5
158302.3
158396.4
158488.5
158702.1
159330.6
159795.6
159796.212
159879.2
159879.4
160079.2
160079.5
160479.3
160879.1
162260.6
162360.211
162360.6
162497.211
162497.6
162704.211
162704.6
162872.211
162872.6
163128.211
163128.6
163496.6
163497.212
163576.2
163576.4
163776.2
163803.5
164024.4
164150.5
164176.3
164576.1
165190.6
165383.211
165383.6
165473.211
165473.6
165633.211
165633.6
165650.211
165650.6
165851.211
165851.6
166087.211
166087.6
166463.6
166464.212
166553.2
166553.4
166753.2
166760.5
167043.4
167153.3
167162.5
167553.1
168122.6
168427.6
168428.212
168511.2
168511.4
168711.2
168738.5
168742.4
168751.5
169111.3
169142.4
169195.5
169210.4
169310.5
169511.1
169923.6
170531.6
170532.212
170618.2
170618.4
170803.5
170818.2
171061.4
171161.5
171218.3
171618.1
172044.6
172227.211
172227.6
172449.211
172449.6
172466.211
172466.6
172645.211
172645.6
172744.211
172744.6
172926.211
172926.6
173255.6
173256.212
173325.2
173325.4
173525.2
173546.5
173925.3
174325.1
174783.6
174883.211
174883.6
175210.6
175211.212
175297.2
175297.4
175497.2
175520.5
175897.3
176297.1
177171.6
177341.211
177341.6
177357.211
177357.6
177507.211
177507.6
177904.6
177905.212
177986.2
177986.4
178186.2
178203.5
178586.3
178919.4
178969.5
178986.1
180000.9
123456789
4
09
17
4
09
17
0
0
0
5
15
11
59
15
44
59
6
2
1077
0
0
0
314159265
66
4
164
180000
314159265
0.1
242.6
306.211
306.6
432.211
432.6
635.211
635.6
1488.6
1489.212
1562.2
1562.4
1573.5
1575.4
1762.2
2154.5
2162.3
2562.1
3029.6
3173.4
3216.5
3333.6
3334.212
3413.2
3413.4
3613.2
3974.5
4013.3
4089.4
4164.5
4413.1
4955.6
5225.211
5225.6
5436.211
5436.6
5629.211
5629.6
5679.211
5679.6
6696.6
6697.212
6786.2
6786.4
6986.2
7006.5
7185.4
7386.3
7450.5
7786.1
8330.6
8543.211
8543.6
8884.6
8885.212
8964.2
8964.4
9164.2
9171.5
9339.4
9519.5
9564.3
9964.1
10341.6
10840.6
10841.212
10930.2
10930.4
11130.2
11148.5
11289.4
11489.5
11530.3
11930.1
12695.6
12864.211
12864.6
13086.211
13086.6
13134.211
13134.6
13498.6
13499.212
13566.2
13566.4
13568.5
13571.4
13573.5
13574.4
13575.5
13579.4
13766.2
13791.5
13969.4
14128.5
14166.3
14566.1
15320.6
15614.211
15614.6
15729.211
15729.6
16042.6
16043.212
16135.2
16135.4
16335.2
16347.5
16487.4
16685.5
16735.3
17135.1
17445.6
17460.211
17460.6
17568.211
17568.6
17915.6
17916.212
18005.2
18005.4
18192.5
18205.2
18347.4
18505.5
18605.3
19005.1
19718.6
19909.211
19909.6
20027.4
20036.5
20141.4
20144.5
20146.4
20148.5
20285.6
20286.212
20354.2
20354.4
20544.5
20554.2
20724.4
20874.5
20954.3
21354.1
21765.6
21941.211
21941.6
22036.4
22037.5
22039.4
22057.5
22154.211
22154.6
22385.211
22385.6
22698.6
22699.212
22782.2
22782.4
22982.2
22998.5
23132.4
23287.5
23382.3
23782.1
24240.6
24432.211
24432.6
24872.4
24881.5
25015.6
25016.212
25074.2
25074.4
25274.2
25284.5
25478.4
25621.5
25674.3
26074.1
26479.6
26661.211
26661.6
27360.6
27361.212
27432.2
27432.4
27632.2
27660.5
27904.4
28032.3
28032.5
28432.1
28914.6
28933.211
28933.6
29388.6
29389.212
29448.2
29448.4
29648.2
29660.5
29828.4
30048.3
30083.5
30448.1
31005.6
31447.6
31448.212
31527.2
31527.4
31727.2
31728.5
32127.3
32527.1
32669.4
32883.5
32885.4
32976.5
33166.6
33638.6
33639.212
33713.2
33713.4
33714.5
33717.4
33722.5
33725.4
33913.2
33936.5
34107.4
34288.5
34313.3
34713.1
35405.6
35467.211
35467.6
35585.211
35585.6
35911.6
35912.212
35971.2
35971.4
36170.5
36171.2
36341.4
36533.5
36553.4
36571.3
36634.5
36971.1
37841.6
38153.6
38154.212
38230.2
38230.4
38430.2
38441.5
38652.4
38830.3
38830.5
39230.1
39629.6
39891.211
39891.6
40109.211
40109.6
40343.211
40343.6
40532.211
40532.6
40716.211
40716.6
40927.211
40927.6
41207.211
41207.6
41663.6
41664.212
41755.2
41755.4
41955.2
41988.5
42105.4
42248.5
42355.3
42755.1
43605.6
43992.6
43993.212
44062.2
44062.4
44070.5
44071.4
44262.2
44294.5
44662.3
45062.1
45626.6
45840.211
45840.6
46112.211
46112.6
46364.211
46364.6
46772.6
46773.212
46857.2
46857.4
47057.2
47060.5
47325.4
47457.3
47550.5
47857.1
48388.6
48707.6
48708.212
48790.2
48790.4
48990.2
48993.5
49277.4
49390.3
49395.5
49790.1
51517.6
51571.211
51571.6
51786.211
51786.6
51870.211
51870.6
52109.211
52109.6
52571.6
52572.212
52642.2
52642.4
52842.2
52871.5
53242.3
53459.4
53642.1
53667.5
54352.6
54852.6
54853.212
54927.2
54927.4
54930.5
54931.4
55127.2
55138.5
55330.4
55458.5
55527.3
55927.1
56808.6
56927.211
56927.6
57190.211
57190.6
57469.211
57469.6
57622.211
57622.6
57970.6
57971.212
58035.2
58035.4
58045.5
58046.4
58235.2
58251.5
58635.3
59035.1
61516.6
61615.4
61617.5
61626.4
61715.5
61727.4
61729.5
62639.6
62640.212
62720.2
62720.4
62920.2
62939.5
63122.4
63251.5
63320.3
63720.1
63882.6
64044.211
64044.6
64736.6
64737.212
64795.2
64795.4
64995.2
65016.5
65295.4
65395.3
65436.5
65795.1
66363.6
66572.211
66572.6
66809.211
66809.6
66990.211
66990.6
67092.211
67092.6
67310.211
67310.6
67391.4
67399.5
67491.211
67491.6
68151.6
68152.212
68244.2
68244.4
68444.2
68470.5
68695.4
68824.5
68844.3
69244.1
70008.6
70026.211
70026.6
70036.211
70036.6
70135.4
70153.5
70317.211
70317.6
70807.6
70808.212
70876.2
70876.4
71076.2
71093.5
71270.4
71423.5
71476.3
71876.1
72567.6
72908.6
72909.212
73002.2
73002.4
73006.5
73018.4
73202.2
73232.5
73468.4
73592.5
73602.3
73885.4
73936.5
74002.1
74647.6
74740.211
74740.6
74937.211
74937.6
74956.211
74956.6
75253.211
75253.6
75517.211
75517.6
75748.211
75748.6
75959.211
75959.6
76303.6
76304.212
76379.2
76379.4
76579.2
76586.5
76785.4
76884.5
76979.3
77379.1
77754.6
77907.4
77921.5
78163.6
78164.212
78317.2
78317.4
78517.2
78537.5
78698.4
78820.5
78917.3
79317.1
79856.4
79927.5
80756.6
80860.211
80860.6
81079.211
81079.6
81329.211
81329.6
81344.211
81344.6
81656.6
81657.212
81721.2
81721.4
81736.5
81739.4
81921.2
81944.5
82142.4
82287.5
82321.3
82608.8
82721.1
83794.6
83861.211
83861.6
83997.211
83997.6
84267.211
84267.6
84532.211
84532.6
84614.211
84614.6
84859.211
84859.6
85240.6
85241.212
85316.2
85316.4
85516.2
85549.5
85810.4
85916.3
85931.5
86316.1
87288.4
87378.5
88380.6
88769.6
88770.212
88840.2
88840.4
89040.2
89061.5
89240.4
89360.5
89440.3
89840.1
90256.6
90273.211
90273.6
90662.6
90663.212
90739.2
90739.4
90741.5
90747.4
90931.5
90939.2
91150.4
91279.5
91339.3
91739.1
92281.6
92668.6
92669.212
92742.2
92742.4
92942.2
92951.5
93128.4
93324.5
93342.3
93526.8
93742.1
94067.6
94508.6
94509.212
94570.2
94570.4
94770.2
94775.5
94970.4
95088.5
95170.3
95570.1
96552.6
96951.6
96952.212
97035.2
97035.4
97235.2
97264.5
97416.4
97552.5
97635.3
98035.1
99003.6
99296.211
99296.6
99403.211
99403.6
99592.211
99592.6
99613.211
99613.6
99897.211
99897.6
100110.211
100110.6
100207.211
100207.6
100589.6
100590.212
100664.2
100664.4
100864.2
100894.5
101150.4
101261.5
101264.3
101664.1
101812.8
102015.6
102164.211
102164.6
102178.211
102178.6
102338.211
102338.6
102703.6
102704.212
102792.2
102792.4
102992.2
103023.5
103152.4
103240.5
103392.3
103792.1
105355.6
105452.211
105452.6
105657.211
105657.6
105673.211
105673.6
105740.211
105740.6
105902.211
105902.6
106366.6
106367.212
106456.2
106456.4
106656.2
106678.5
106825.4
106929.5
107056.3
107456.1
107799.6
107941.211
107941.6
108116.211
108116.6
108316.211
108316.6
108401.211
108401.6
108716.6
108717.212
108791.2
108791.4
108991.2
109002.5
109181.4
109299.5
109391.3
109791.1
110708.6
110844.211
110844.6
111504.6
111505.212
111568.2
111568.4
111768.2
111799.5
112069.4
112166.5
112168.3
112568.1
113538.6
113763.211
113763.6
113881.211
113881.6
114037.211
114037.6
114368.6
114369.212
114430.2
114430.4
114446.5
114448.4
114630.2
114656.5
114889.4
115006.5
115030.3
115430.1
115977.4
115985.5
116752.6
117768.6
117769.212
117864.2
117864.4
118064.2
118092.5
118169.4
118323.5
118464.3
118864.1
119431.6
119512.211
119512.6
119834.6
119835.212
119850.6
119897.2
119897.4
120097.2
120113.5
120192.4
120301.5
120497.3
120897.1
121571.6
121601.211
121601.6
121924.6
121925.212
121988.2
121988.4
121990.5
121992.4
121998.5
121999.4
122188.2
122196.5
122368.4
122482.5
122588.3
122988.1
124206.6
124222.211
124222.6
124377.211
124377.6
124687.6
124688.212
124769.2
124769.4
124969.2
125001.5
125369.3
125769.1
126262.6
126476.211
126476.6
126671.211
126671.6
126923.211
126923.6
127767.6
127768.212
127836.2
127836.4
128036.2
128061.5
128170.4
128293.5
128436.3
128836.1
129253.4
129321.5
129457.6
129631.211
129631.6
129869.211
129869.6
130225.6
130226.212
130308.2
130308.4
130508.2
130537.5
130643.4
130748.5
130908.3
131308.1
132125.6
132594.6
132595.212
132688.2
132688.4
132888.2
132915.5
133012.4
133278.5
133288.3
133688.1
134000.6
134233.211
134233.6
134430.211
134430.6
134621.211
134621.6
135161.6
135162.212
135248.2
135248.4
135448.2
135479.5
135571.4
135685.5
135848.3
136248.1
136819.6
136929.211
136929.6
137084.211
137084.6
137101.211
137101.6
137111.211
137111.6
137177.211
137177.6
137371.211
137371.6
137603.211
137603.6
137756.211
137756.6
137975.211
137975.6
138047.211
138047.6
138440.6
138441.212
138506.2
138506.4
138706.2
138736.5
138846.4
139007.5
139106.3
139506.1
140099.6
140300.211
140300.6
140513.211
140513.6
140612.211
140612.6
140830.211
140830.6
141238.6
141239.212
141326.2
141326.4
141526.2
141553.5
141680.4
141795.5
141926.3
142326.1
142500.6
142722.211
142722.6
143112.6
143113.212
143187.2
143187.4
143387.2
143399.5
143598.4
143691.5
143787.3
144187.1
145027.6
145194.211
145194.6
145496.6
145497.212
145589.2
145589.4
145789.2
145808.5
145910.4
146006.5
146189.3
146589.1
147212.6
147699.6
147700.212
147781.2
147781.4
147785.5
147787.4
147981.2
148001.5
148381.3
148781.1
149534.6
149712.211
149712.6
150092.6
150093.212
150182.2
150182.4
150382.2
150409.5
150499.4
150590.5
150782.3
151182.1
151220.8
151682.6
151894.211
151894.6
152191.211
152191.6
152413.211
152413.6
152520.211
152520.6
152732.211
152732.6
153086.6
153087.212
153156.2
153156.4
153356.2
153385.5
153472.4
153591.5
153756.3
154156.1
155121.6
155485.6
155486.212
155565.2
155565.4
155765.2
155768.5
155865.4
155971.5
156165.3
156565.1
156824.6
156851.211
156851.6
157192.6
157193.212
157263.2
157263.4
157463.2
157489.5
157578.4
157696.5
157863.3
158263.1
159509.6
159593.211
159593.6
159895.6
159896.212
159977.2
159977.4
160177.2
160208.5
160313.4
160406.5
160577.3
160977.1
161827.6
161919.211
161919.6
162083.211
162083.6
162393.6
162394.212
162477.2
162477.4
162677.2
162709.5
162795.4
162916.5
163077.3
163477.1
167620.6
167705.211
167705.6
168687.6
168688.212
168719.6
168782.2
168782.4
168982.2
169007.5
169163.4
169277.5
169382.3
169782.1
170911.6
171151.211
171151.6
171364.211
171364.6
171447.211
171447.6
171696.211
171696.6
172092.6
172093.212
172158.2
172158.4
172358.2
172390.5
172548.4
172666.5
172758.3
173158.1
173698.6
173884.211
173884.6
174105.211
174105.6
174200.211
174200.6
176498.6
176499.212
176606.2
176606.4
176806.2
176840.5
176859.4
177029.5
177206.3
177606.1
179851.4
180000.9
123456789
4
10
17
4
10
17
0
0
0
5
14
59
18
15
32
18
6
2
1038
0
0
0
314159265
62
1
167
180000
314159265
0.1
55.6
515.6
516.212
616.2
616.4
816.2
1102.5
1216.3
1531.6
1616.1
1628.4
1773.5
1786.4
1833.5
1936.6
2006.211
2006.6
2214.211
2214.6
2348.4
2390.5
2494.211
2494.6
2606.4
2617.5
2788.211
2788.6
3043.211
3043.6
3297.211
3297.6
3586.211
3586.6
3979.6
3980.212
4055.2
4055.4
4065.5
4071.4
4255.2
4299.5
4307.4
4309.5
4381.4
4567.5
4655.3
5055.1
5326.6
5692.6
5693.212
5774.2
5774.4
5974.2
6003.5
6129.4
6304.5
6374.3
6774.1
7279.6
7458.211
7458.6
7673.211
7673.6
7803.4
7828.5
7981.6
7982.212
8055.2
8055.4
8063.5
8069.4
8255.2
8283.5
8406.4
8585.5
8655.3
9055.1
9843.6
10543.6
10544.212
10634.2
10634.4
10834.2
10871.5
10978.4
11105.5
11234.3
11634.1
12591.6
12953.6
12954.212
13014.2
13014.4
13210.5
13214.2
13394.4
13513.5
13614.3
14014.1
14263.6
14559.211
14559.6
14916.6
14917.212
15008.2
15008.4
15185.5
15208.2
15339.4
15488.5
15608.3
16008.1
16530.6
16919.6
16920.212
16996.2
16996.4
17173.5
17175.4
17176.5
17178.4
17179.5
17196.2
17339.4
17457.5
17596.3
17996.1
18410.6
18646.211
18646.6
19159.6
19160.212
19244.2
19244.4
19403.5
19444.2
19634.4
19763.5
19844.3
20244.1
21024.6
21394.6
21395.212
21471.2
21471.4
21476.5
21477.4
21659.5
21671.2
21803.4
21928.5
22071.3
22471.1
22471.4
22477.5
22478.4
22481.5
22482.4
22543.5
22661.6
23155.6
23156.212
23229.2
23229.4
23388.5
23429.2
23515.4
23697.5
23829.3
24229.1
24947.6
25302.6
25303.212
25368.2
25368.4
25568.2
25584.5
25736.4
25943.5
25968.3
26368.1
26846.6
27016.211
27016.6
27267.211
27267.6
27365.4
27379.5
27502.211
27502.6
27671.4
27674.5
27675.4
27697.5
27821.6
27822.212
27895.2
27895.4
27903.5
27904.4
28095.2
28097.5
28235.4
28371.5
28495.3
28895.1
29137.6
29207.211
29207.6
29407.211
29407.6
29479.211
29479.6
29656.211
29656.6
29882.211
29882.6
30023.211
30023.6
30276.211
30276.6
30574.211
30574.6
30782.211
30782.6
31026.211
31026.6
31338.6
31339.212
31402.2
31402.4
31404.5
31408.4
31602.2
31609.5
31734.4
31864.5
32002.3
32402.1
32488.6
33086.6
33087.212
33162.2
33162.4
33362.2
33365.5
33458.4
33597.5
33762.3
34162.1
34540.6
34558.211
34558.6
34851.211
34851.6
35147.211
35147.6
35327.211
35327.6
35593.211
35593.6
35822.211
35822.6
36081.211
36081.6
36362.211
36362.6
36615.211
36615.6
36913.211
36913.6
37164.211
37164.6
37752.4
37783.5
37884.6
37885.212
37900.6
37953.2
37953.4
37955.5
37965.4
38153.2
38190.5
38251.4
38384.5
38553.3
38953.1
39364.6
40063.6
40064.212
40137.2
40137.4
40337.2
40353.5
40439.4
40573.5
40737.3
41137.1
41458.6
41736.211
41736.6
41981.211
41981.6
42349.6
42350.212
42424.2
42424.4
42427.5
42433.4
42624.2
42628.5
42732.4
42876.5
43024.3
43424.1
44091.6
44390.211
44390.6
44657.211
44657.6
44949.211
44949.6
45147.211
45147.6
45452.6
45453.212
45527.2
45527.4
45727.2
45755.5
45966.4
46102.5
46107.4
46127.3
46145.5
46163.4
46266.5
46527.1
47185.6
47397.211
47397.6
47981.6
47982.212
48050.2
48050.4
48054.5
48068.4
48250.2
48263.5
48390.4
48582.5
48650.3
49050.1
49326.6
49512.211
49512.6
49910.6
49911.212
49991.2
49991.4
50191.2
50203.5
50351.4
50501.5
50591.3
50991.1
51317.6
51331.211
51331.6
51568.211
51568.6
51831.211
51831.6
52128.211
52128.6
52379.211
52379.6
52818.6
52819.212
52909.2
52909.4
53109.2
53141.5
53252.4
53365.5
53466.4
53501.5
53502.4
53504.5
53509.3
53510.4
53702.5
53909.1
54477.6
54734.211
54734.6
54959.211
54959.6
55912.6
55913.212
55988.2
55988.4
56180.5
56188.2
56269.4
56406.5
56588.3
56714.8
56988.1
58224.6
59010.6
59011.212
59077.2
59077.4
59277.2
59293.5
59368.4
59457.5
59677.3
60077.1
60432.6
60555.211
60555.6
60744.211
60744.6
60993.211
60993.6
61025.211
61025.6
61268.4
61280.5
61376.6
61377.212
61444.2
61444.4
61644.2
61657.5
61794.4
61908.5
62044.3
62444.1
62690.6
62937.211
62937.6
63225.211
63225.6
63479.211
63479.6
63759.211
63759.6
63797.211
63797.6
64131.6
64132.212
64211.2
64211.4
64411.2
64420.5
64514.4
64627.5
64811.3
65211.1
67070.6
67375.6
67376.212
67440.2
67440.4
67640.2
67663.5
67758.4
67887.5
68040.3
68440.1
68575.6
69067.6
69068.212
69083.6
69146.2
69146.4
69346.2
69364.5
69479.4
69610.5
69746.3
70146.1
70415.6
70693.211
70693.6
70848.211
70848.6
71125.211
71125.6
71328.211
71328.6
71493.211
71493.6
71768.211
71768.6
71846.211
71846.6
71964.4
71983.5
72143.211
72143.6
72391.211
72391.6
72654.211
72654.6
72859.211
72859.6
73347.6
73348.212
73429.2
73429.4
73432.5
73435.4
73629.2
73668.5
73756.4
73888.5
73903.4
73945.5
74029.3
74429.1
76284.4
76295.5
76304.4
76359.5
76685.4
76752.5
76937.6
77237.211
77237.6
77523.211
77523.6
77887.6
77888.212
77970.2
77970.4
78170.2
78209.5
78366.4
78370.5
78377.4
78503.5
78570.3
78606.4
78614.5
78616.4
78702.5
78970.1
80010.6
80153.211
80153.6
80410.211
80410.6
80545.211
80545.6
80869.6
80870.212
80943.2
80943.4
81143.2
81162.5
81304.4
81526.5
81543.3
81943.1
82590.6
82873.211
82873.6
83150.211
83150.6
83717.6
83718.212
83790.2
83790.4
83978.5
83990.2
84099.4
84203.5
84390.3
84790.1
86105.6
86304.211
86304.6
86674.6
86675.212
86759.2
86759.4
86763.5
86765.4
86959.2
86986.5
87359.3
87550.4
87665.5
87759.1
89006.6
89188.211
89188.6
89440.211
89440.6
89766.6
89767.212
89841.2
89841.4
90041.2
90063.5
90266.4
90372.5
90441.3
90841.1
91869.6
92016.211
92016.6
92310.211
92310.6
92635.6
92636.212
92732.2
92732.4
92932.2
92960.5
93130.4
93307.5
93332.3
93732.1
94271.6
94662.6
94663.212
94732.2
94732.4
94932.2
94935.5
95101.4
95205.5
95332.3
95732.1
96303.6
96585.211
96585.6
96889.6
96890.212
96963.2
96963.4
96964.5
96967.4
97162.5
97163.2
97380.4
97514.5
97563.3
97963.1
98426.6
98612.211
98612.6
98974.6
98975.212
99065.2
99065.4
99232.5
99265.2
99368.4
99603.5
99665.3
100065.1
100298.6
100316.211
100316.6
100469.211
100469.6
100828.6
100829.212
100892.2
100892.4
101092.2
101098.5
101314.4
101412.5
101492.3
101892.1
102345.6
102593.211
102593.6
102868.211
102868.6
103097.211
103097.6
103359.211
103359.6
103548.211
103548.6
103772.211
103772.6
104067.211
104067.6
104285.211
104285.6
104509.211
104509.6
104807.211
104807.6
105062.211
105062.6
105314.211
105314.6
105846.6
105847.212
105914.2
105914.4
105918.5
105921.4
106114.2
106232.5
106514.3
106914.1
107233.6
107454.211
107454.6
107900.6
107901.212
107982.2
107982.4
108182.2
108202.5
108356.4
108541.5
108582.3
108982.1
109530.6
109749.211
109749.6
110083.6
110084.212
110158.2
110158.4
110349.5
110358.2
110562.4
110662.5
110755.4
110758.3
110795.5
111158.1
111256.6
111696.6
111697.212
111764.2
111764.4
111769.5
111771.4
111953.5
111964.2
112201.4
112293.5
112364.3
112764.1
114484.6
114799.6
114800.212
114882.2
114882.4
115082.2
115098.5
115266.4
115381.5
115482.3
115882.1
117808.6
117980.211
117980.6
119195.6
119196.212
119302.2
119302.4
119502.2
119517.5
119679.4
119773.5
119902.3
120302.1
120922.6
121164.211
121164.6
121359.211
121359.6
121638.211
121638.6
121740.211
121740.6
121950.211
121950.6
122237.211
122237.6
122319.211
122319.6
122587.211
122587.6
122890.6
122891.212
122968.2
122968.4
123168.2
123179.5
123411.4
123507.5
123568.3
123968.1
124777.6
125129.6
125130.212
125220.2
125220.4
125420.2
125534.5
125539.4
125654.5
125820.3
126220.1
126682.6
126708.211
126708.6
127191.6
127192.212
127266.2
127266.4
127461.5
127466.2
127617.4
127771.5
127781.4
127849.5
127866.3
127869.4
127928.5
128266.1
129467.6
129844.6
129845.212
129925.2
129925.4
130125.2
130144.5
130525.3
130925.1
131638.6
131912.211
131912.6
132267.6
132268.212
132347.2
132347.4
132543.5
132547.2
132679.4
132781.5
132785.4
132813.5
132947.3
133347.1
133611.6
133754.211
133754.6
134256.6
134257.212
134326.2
134326.4
134519.5
134526.2
134926.3
135326.1
135728.6
135753.211
135753.6
135821.211
135821.6
136003.211
136003.6
136208.211
136208.6
136518.6
136519.212
136611.2
136611.4
136811.2
136824.5
136990.4
137066.5
137211.3
137611.1
138283.6
138482.211
138482.6
138568.211
138568.6
138845.211
138845.6
139156.6
139157.212
139244.2
139244.4
139444.2
139450.5
139844.3
140244.1
140294.4
140297.5
141834.6
141890.211
141890.6
142179.211
142179.6
142272.211
142272.6
142766.6
142767.212
142857.2
142857.4
143057.2
143059.5
143182.4
143403.5
143457.3
143857.1
145719.6
148252.6
148253.212
148352.2
148352.4
148552.2
148575.5
148952.3
149352.1
150196.6
151259.6
151260.212
151344.2
151344.4
151542.5
151543.4
151544.2
151547.5
151648.4
151740.5
151944.3
152344.1
153503.6
153561.211
153561.6
153988.6
153989.212
154072.2
154072.4
154272.2
154317.5
154421.4
154588.5
154672.3
155072.1
155687.6
155915.211
155915.6
156102.211
156102.6
156429.6
156430.212
156544.2
156544.4
156744.2
156798.5
156860.4
157002.5
157144.3
157544.1
158048.6
158222.211
158222.6
158448.211
158448.6
158780.6
158781.212
158850.2
158850.4
159046.5
159050.2
159308.4
159417.5
159450.3
159850.1
163165.4
163203.5
163539.6
163743.211
163743.6
163967.211
163967.6
164245.211
164245.6
164616.6
164617.212
164701.2
164701.4
164901.2
164930.5
165081.4
165182.5
165301.3
165701.1
167539.4
167780.5
168021.6
173682.6
173683.212
173846.2
173846.4
174046.2
174076.5
174446.3
174846.1
175311.4
175386.5
177216.6
177558.6
177559.212
177706.2
177706.4
177906.2
177925.5
178306.3
178706.1
179011.6
179245.211
180000.9
123456789
