4
07
17
4
07
17
0
0
0
6
15
09
17
15
42
17
6
2
2862
0
0
0
314159265
64
1248
195
180000
314159265
0.1
1.4
7.5
102.8
122.211
122.8
184.4
203.5
248.211
248.8
307.4
323.5
395.211
395.8
434.211
434.8
492.4
529.5
576.211
576.8
599.211
599.8
697.211
697.8
771.4
789.5
801.4
808.5
866.211
866.8
899.211
899.8
917.211
917.8
968.4
1071.5
1125.211
1125.8
1150.211
1150.8
1159.211
1159.8
1259.211
1259.8
1307.211
1307.8
1345.211
1345.8
1414.4
1425.5
1478.211
1478.8
1541.211
1541.8
1630.211
1630.8
1650.211
1650.8
1683.211
1683.8
1711.211
1711.8
2398.8
2411.8
2425.8
2471.2
2471.4
2671.3
2786.5
2894.4
2997.5
3471.1
3544.8
3555.211
3555.8
3577.211
3577.8
3637.211
3637.8
3990.8
4003.8
4051.2
4051.4
4251.3
4294.5
4382.4
4446.5
4475.4
4534.5
4595.4
4674.5
4677.4
4741.5
4745.4
4750.5
5006.4
5051.1
5051.5
5063.4
5098.5
5101.4
5202.5
5274.8
5299.211
5299.8
5325.211
5325.8
5585.211
5585.8
5665.211
5665.8
5698.211
5698.8
5769.211
5769.8
5809.211
5809.8
5835.211
5835.8
5912.211
5912.8
5925.211
5925.8
5945.211
5945.8
6010.211
6010.8
6051.211
6051.8
6077.211
6077.8
6097.211
6097.8
6179.211
6179.8
6207.211
6207.8
6215.211
6215.8
6235.211
6235.8
6472.211
6472.8
6487.211
6487.8
6504.211
6504.8
6530.211
6530.8
6597.211
6597.8
6642.211
6642.8
6675.211
6675.8
6750.211
6750.8
6850.211
6850.8
6890.211
6890.8
6916.211
6916.8
6967.211
6967.8
6980.211
6980.8
7016.211
7016.8
7048.211
7048.8
7104.211
7104.8
7320.211
7320.8
7332.211
7332.8
7367.211
7367.8
7390.211
7390.8
7406.211
7406.8
7417.211
7417.8
7473.211
7473.8
7520.211
7520.8
7538.211
7538.8
7568.211
7568.8
7852.211
7852.8
7870.211
7870.8
7966.211
7966.8
7986.211
7986.8
8187.211
8187.8
8201.211
8201.8
8223.211
8223.8
8302.4
8318.5
8321.4
8360.5
8424.211
8424.8
8445.211
8445.8
8466.211
8466.8
8506.211
8506.8
8509.211
8509.8
8527.211
8527.8
8607.4
8619.5
8675.211
8675.8
8755.4
8803.5
8968.211
8968.8
8990.211
8990.8
9240.211
9240.8
9270.211
9270.8
9320.211
9320.8
9342.211
9342.8
9357.211
9357.8
9360.211
9360.8
9420.211
9420.8
10070.8
10104.8
10147.2
10147.4
10347.3
10408.5
10489.4
10650.5
10956.4
10963.5
11147.1
11340.8
11357.211
11357.8
11380.211
11380.8
11401.211
11401.8
11461.211
11461.8
11469.211
11469.8
11511.211
11511.8
12013.8
12076.2
12076.4
12276.3
12318.5
12671.4
12755.5
13076.1
13402.8
13422.211
13422.8
13452.211
13452.8
13523.211
13523.8
13530.211
13530.8
13546.211
13546.8
13586.211
13586.8
13623.211
13623.8
13837.211
13837.8
13853.211
13853.8
13929.211
13929.8
14177.211
14177.8
14197.211
14197.8
14202.211
14202.8
14226.211
14226.8
14233.211
14233.8
14317.211
14317.8
14346.211
14346.8
14382.211
14382.8
14800.8
14869.2
14869.4
15069.3
15101.5
15194.4
15358.5
15362.4
15365.5
15421.4
15474.5
15610.8
15714.8
15869.1
16022.8
16073.211
16073.8
16108.211
16108.8
16140.211
16140.8
16187.211
16187.8
16214.211
16214.8
16618.8
16697.2
16697.4
16897.3
16935.5
17063.4
17121.5
17697.1
17747.8
17768.211
17768.8
17781.211
17781.8
17821.211
17821.8
17854.211
17854.8
17917.211
17917.8
17951.211
17951.8
17958.211
17958.8
18026.211
18026.8
18037.211
18037.8
18347.8
18356.8
18363.8
18375.8
18423.2
18423.4
18623.3
18652.5
18728.4
18849.5
18907.4
18987.5
19200.8
19423.1
19518.8
19529.211
19529.8
19544.211
19544.8
19625.211
19625.8
19648.211
19648.8
19655.211
19655.8
19670.211
19670.8
19692.211
19692.8
19823.211
19823.8
19925.211
19925.8
19944.211
19944.8
19959.211
19959.8
19979.211
19979.8
20049.211
20049.8
20110.211
20110.8
20174.211
20174.8
20176.211
20176.8
20184.211
20184.8
20316.211
20316.8
20347.211
20347.8
20418.211
20418.8
20436.211
20436.8
20469.211
20469.8
20555.211
20555.8
20564.211
20564.8
20566.211
20566.8
20596.211
20596.8
21209.8
21233.8
21281.2
21281.4
21481.3
21506.5
21605.4
21675.5
21676.4
21759.5
21832.4
22095.5
22103.4
22123.5
22271.8
22281.1
22310.8
22352.211
22352.8
22374.211
22374.8
22421.211
22421.8
22790.8
22807.8
22855.2
22855.4
23055.3
23078.5
23251.4
23313.5
23316.4
23393.5
23469.4
23500.5
23621.8
23855.1
23906.8
23924.211
23924.8
23953.211
23953.8
23986.211
23986.8
24122.211
24122.8
24148.211
24148.8
24233.211
24233.8
24339.4
24408.5
24483.211
24483.8
24492.211
24492.8
24495.211
24495.8
24504.211
24504.8
24532.211
24532.8
24538.211
24538.8
24708.211
24708.8
24731.211
24731.8
24760.211
24760.8
24793.211
24793.8
24812.211
24812.8
24836.211
24836.8
24891.211
24891.8
24906.211
24906.8
24924.211
24924.8
24941.211
24941.8
25089.211
25089.8
25208.211
25208.8
25223.211
25223.8
25244.211
25244.8
25295.211
25295.8
25348.211
25348.8
25364.211
25364.8
25439.211
25439.8
25463.211
25463.8
25870.8
25885.8
25935.2
25935.4
26135.3
26163.5
26861.8
26935.1
27119.8
27156.211
27156.8
27201.211
27201.8
27210.211
27210.8
27226.211
27226.8
27238.211
27238.8
27253.211
27253.8
27286.211
27286.8
27341.211
27341.8
27398.211
27398.8
27520.211
27520.8
27543.211
27543.8
27600.211
27600.8
27621.211
27621.8
27976.8
27990.8
27994.8
28006.8
28055.2
28055.4
28255.3
28269.5
28379.4
28435.5
28644.8
29025.8
29055.1
29069.8
29102.211
29102.8
29121.211
29121.8
29398.211
29398.8
29409.211
29409.8
29437.211
29437.8
29509.211
29509.8
29527.211
29527.8
29561.211
29561.8
29654.211
29654.8
29695.211
29695.8
29736.211
29736.8
29807.211
29807.8
29819.211
29819.8
29827.211
29827.8
29836.211
29836.8
29942.211
29942.8
29984.211
29984.8
30023.211
30023.8
30044.211
30044.8
30075.211
30075.8
30346.211
30346.8
30366.211
30366.8
30400.211
30400.8
30446.211
30446.8
30469.211
30469.8
30507.211
30507.8
30708.211
30708.8
30723.211
30723.8
30731.211
30731.8
30792.211
30792.8
30813.211
30813.8
30862.211
30862.8
30906.211
30906.8
31054.211
31054.8
31499.8
31562.2
31562.4
31762.3
31788.5
31863.4
32028.5
32161.8
32424.8
32477.8
32562.1
32727.8
32760.211
32760.8
32791.211
32791.8
33110.8
33186.2
33186.4
33386.3
33420.5
33872.8
33941.8
34093.4
34186.1
34241.5
34691.8
34704.211
34704.8
34713.211
34713.8
34750.211
34750.8
34848.211
34848.8
34859.211
34859.8
34863.211
34863.8
34890.211
34890.8
35001.211
35001.8
35016.211
35016.8
35378.8
35387.8
35401.8
35446.2
35446.4
35646.3
35681.5
35817.4
35869.5
36224.8
36446.1
36519.8
36634.211
36634.8
36694.211
36694.8
36712.211
36712.8
36733.211
36733.8
36800.211
36800.8
36859.4
36916.5
36984.211
36984.8
37008.211
37008.8
37044.211
37044.8
37050.211
37050.8
37068.211
37068.8
37079.211
37079.8
37120.211
37120.8
37171.211
37171.8
37208.211
37208.8
37346.211
37346.8
37436.4
37572.5
37647.8
37652.8
37672.8
37715.2
37715.4
37915.3
37920.5
38010.4
38063.5
38089.4
38139.5
38145.4
38223.5
38280.4
38355.5
38473.8
38715.1
39544.8
39554.211
39554.8
39578.211
39578.8
39790.211
39790.8
39810.211
39810.8
39825.211
39825.8
39895.211
39895.8
39920.211
39920.8
39943.211
39943.8
39983.211
39983.8
40004.211
40004.8
40130.211
40130.8
40184.211
40184.8
40188.211
40188.8
40215.211
40215.8
40346.211
40346.8
40399.211
40399.8
40496.211
40496.8
40629.211
40629.8
40631.211
40631.8
40673.211
40673.8
40702.211
40702.8
40719.211
40719.8
40983.211
40983.8
40992.211
40992.8
41021.211
41021.8
41030.211
41030.8
41070.211
41070.8
41104.211
41104.8
41126.211
41126.8
41173.211
41173.8
41285.211
41285.8
41300.211
41300.8
41449.211
41449.8
41480.211
41480.8
41509.211
41509.8
41842.8
41852.8
41911.2
41911.4
42111.3
42148.5
42263.4
42306.5
42425.8
42458.8
42461.8
42537.8
42790.8
42911.1
43080.8
43171.211
43171.8
43214.211
43214.8
43260.211
43260.8
43302.211
43302.8
43340.211
43340.8
43354.211
43354.8
43434.211
43434.8
43499.211
43499.8
43625.211
43625.8
43677.211
43677.8
43747.211
43747.8
43894.211
43894.8
43921.211
43921.8
43924.211
43924.8
43952.211
43952.8
44082.211
44082.8
44233.211
44233.8
44264.211
44264.8
44303.211
44303.8
44404.211
44404.8
44478.211
44478.8
44903.8
44904.8
44965.2
44965.4
45165.3
45202.5
45965.1
46099.8
46107.211
46107.8
46112.211
46112.8
46127.211
46127.8
46163.211
46163.8
46181.211
46181.8
46255.211
46255.8
46271.211
46271.8
46309.211
46309.8
46344.211
46344.8
46356.211
46356.8
46394.211
46394.8
46431.211
46431.8
46461.211
46461.8
46520.211
46520.8
46548.211
46548.8
46590.211
46590.8
46608.211
46608.8
46622.211
46622.8
46635.211
46635.8
46670.211
46670.8
47075.8
47136.2
47136.4
47336.3
47368.5
47520.4
47569.5
48058.8
48136.1
48262.8
48271.211
48271.8
48323.211
48323.8
48351.211
48351.8
48378.211
48378.8
48393.211
48393.8
48416.211
48416.8
48452.211
48452.8
48463.211
48463.8
48467.211
48467.8
48530.211
48530.8
48567.211
48567.8
48573.211
48573.8
48591.211
48591.8
48624.211
48624.8
48631.211
48631.8
48920.211
48920.8
48971.211
48971.8
48986.211
48986.8
49001.211
49001.8
49010.211
49010.8
49027.211
49027.8
49040.211
49040.8
49124.211
49124.8
49157.211
49157.8
49208.211
49208.8
49213.211
49213.8
49263.211
49263.8
49426.211
49426.8
49440.211
49440.8
49479.211
49479.8
49504.211
49504.8
49605.211
49605.8
49779.211
49779.8
49789.211
49789.8
49863.211
49863.8
49896.211
49896.8
49905.211
49905.8
49937.211
49937.8
49960.211
49960.8
50154.211
50154.8
50171.211
50171.8
50189.211
50189.8
50215.211
50215.8
50247.211
50247.8
50465.211
50465.8
50474.211
50474.8
50511.211
50511.8
50532.211
50532.8
50543.211
50543.8
50568.211
50568.8
50614.211
50614.8
50664.211
50664.8
50753.211
50753.8
50783.211
50783.8
51114.8
51123.8
51177.2
51177.4
51377.3
51622.5
52177.1
52626.8
52634.211
52634.8
52719.211
52719.8
52790.211
52790.8
53245.4
53254.5
53255.4
53342.5
53574.8
53634.2
53634.4
53834.3
53878.5
53885.4
53938.5
54011.4
54142.5
54634.1
54644.8
54790.211
54790.8
54809.211
54809.8
54842.211
54842.8
54921.211
54921.8
54936.211
54936.8
54989.211
54989.8
55038.211
55038.8
55044.211
55044.8
55830.8
55894.2
55894.4
56094.3
56129.5
56270.4
56324.5
56701.8
56713.8
56778.8
56808.8
56857.8
56894.1
56894.8
56922.8
56954.211
56954.8
56970.211
56970.8
56973.211
56973.8
57004.211
57004.8
57077.211
57077.8
57091.211
57091.8
57115.211
57115.8
57140.211
57140.8
57203.211
57203.8
57554.8
57623.2
57623.4
57823.3
57857.5
57990.4
58030.5
58242.4
58332.5
58361.4
58459.5
58623.1
58635.8
58650.211
58650.8
58668.211
58668.8
58708.211
58708.8
58739.211
58739.8
58747.211
58747.8
58750.211
58750.8
58803.211
58803.8
59113.8
59170.2
59170.4
59370.3
59403.5
60058.8
60074.8
60170.1
60178.8
60200.211
60200.8
60207.211
60207.8
60234.211
60234.8
60249.211
60249.8
60259.211
60259.8
60310.211
60310.8
60328.211
60328.8
60395.211
60395.8
60449.211
60449.8
60466.211
60466.8
60491.211
60491.8
60738.211
60738.8
60739.211
60739.8
60751.211
60751.8
60752.211
60752.8
60816.211
60816.8
60836.211
60836.8
60872.211
60872.8
60903.211
60903.8
60964.211
60964.8
60983.211
60983.8
61033.211
61033.8
61044.211
61044.8
61051.211
61051.8
61064.211
61064.8
61094.211
61094.8
61109.211
61109.8
61538.8
61596.2
61596.4
61796.3
61821.5
62596.1
62863.8
62881.211
62881.8
62913.211
62913.8
62958.211
62958.8
62974.211
62974.8
62999.211
62999.8
63025.211
63025.8
63064.211
63064.8
63173.211
63173.8
63185.211
63185.8
63200.211
63200.8
63218.211
63218.8
63516.211
63516.8
63573.4
63612.5
63655.211
63655.8
63677.211
63677.8
63730.211
63730.8
63748.211
63748.8
63754.211
63754.8
63834.211
63834.8
63954.211
63954.8
63982.211
63982.8
64068.211
64068.8
64082.211
64082.8
64142.211
64142.8
64222.211
64222.8
64253.211
64253.8
64651.8
64654.8
64671.8
64714.2
64714.4
64914.3
64939.5
65714.1
65812.8
65852.211
65852.8
65892.211
65892.8
65909.211
65909.8
65917.211
65917.8
65940.211
65940.8
65979.211
65979.8
66014.211
66014.8
66048.211
66048.8
66215.211
66215.8
66241.211
66241.8
66308.211
66308.8
66503.211
66503.8
66515.211
66515.8
66528.211
66528.8
66559.211
66559.8
66643.211
66643.8
66662.211
66662.8
66920.211
66920.8
66929.211
66929.8
66943.211
66943.8
67009.211
67009.8
67035.211
67035.8
67073.211
67073.8
67117.211
67117.8
67236.211
67236.8
67341.211
67341.8
67348.211
67348.8
67355.211
67355.8
67716.8
67734.8
67779.2
67779.4
67979.3
68007.5
68329.8
68779.1
68819.8
68834.211
68834.8
68841.211
68841.8
69213.8
69271.2
69271.4
69471.3
69517.5
69631.4
69720.5
69736.4
69808.5
70271.1
70647.8
70662.211
70662.8
70683.211
70683.8
70755.211
70755.8
70771.211
70771.8
71006.211
71006.8
71017.211
71017.8
71051.211
71051.8
71064.211
71064.8
71074.211
71074.8
71120.211
71120.8
72539.8
72550.8
72606.2
72606.4
72806.3
72840.5
73225.8
73550.8
73606.1
73612.8
73687.211
73687.8
73704.211
73704.8
73743.211
73743.8
73792.211
73792.8
73814.211
73814.8
73916.211
73916.8
73961.211
73961.8
73994.211
73994.8
74020.211
74020.8
74380.8
74438.2
74438.4
74638.3
74671.5
75115.8
75152.8
75438.1
75762.8
75777.211
75777.8
75785.211
75785.8
75796.211
75796.8
75863.211
75863.8
75893.211
75893.8
75900.211
75900.8
75903.211
75903.8
75922.211
75922.8
75926.211
75926.8
75944.211
75944.8
76004.211
76004.8
76055.211
76055.8
76176.211
76176.8
76200.211
76200.8
76212.211
76212.8
76263.211
76263.8
76316.211
76316.8
76507.211
76507.8
76517.211
76517.8
76521.211
76521.8
76571.211
76571.8
76606.211
76606.8
76650.211
76650.8
77034.8
77051.8
77103.2
77103.4
77303.3
77334.5
78103.1
78614.8
78628.211
78628.8
78680.211
78680.8
78681.211
78681.8
78749.211
78749.8
78761.211
78761.8
78794.211
78794.8
78896.211
78896.8
78912.211
78912.8
78944.211
78944.8
79182.211
79182.8
79198.211
79198.8
79204.211
79204.8
79261.211
79261.8
79319.211
79319.8
79413.211
79413.8
79463.211
79463.8
79520.211
79520.8
79698.211
79698.8
79706.211
79706.8
79722.211
79722.8
79732.211
79732.8
79770.211
79770.8
79773.211
79773.8
79805.211
79805.8
79831.211
79831.8
79883.211
79883.8
80074.211
80074.8
80089.211
80089.8
80375.211
80375.8
80380.211
80380.8
80399.211
80399.8
80428.211
80428.8
80528.211
80528.8
80564.211
80564.8
80644.4
80646.5
80985.8
80989.8
81044.2
81044.4
81244.3
81281.5
82044.1
82260.8
82274.211
82274.8
82280.211
82280.8
82315.211
82315.8
82333.211
82333.8
82349.211
82349.8
82357.211
82357.8
82384.211
82384.8
82504.211
82504.8
82553.211
82553.8
82887.8
82953.2
82953.4
83153.3
83183.5
83305.4
83347.5
83932.8
83953.1
83966.8
83986.211
83986.8
84006.211
84006.8
84031.211
84031.8
84377.8
84383.8
84440.2
84440.4
84640.3
84671.5
84805.4
84869.5
84871.4
84873.5
84884.4
84949.5
85169.8
85440.1
85477.8
85493.211
85493.8
85525.211
85525.8
85614.211
85614.8
85754.211
85754.8
85782.211
85782.8
86403.8
86408.8
86470.2
86470.4
86670.3
86701.5
86808.4
86870.5
87470.1
87550.8
87564.211
87564.8
87574.211
87574.8
87636.211
87636.8
87669.211
87669.8
87682.211
87682.8
87788.211
87788.8
87806.211
87806.8
87816.211
87816.8
87892.211
87892.8
87912.211
87912.8
87959.211
87959.8
88004.211
88004.8
88463.8
88514.2
88514.4
88714.3
88750.5
89372.4
89423.5
89463.4
89491.5
89514.1
89826.8
89839.211
89839.8
89887.211
89887.8
89939.211
89939.8
90072.211
90072.8
90075.211
90075.8
90094.211
90094.8
90112.211
90112.8
90126.211
90126.8
90225.211
90225.8
90242.211
90242.8
90289.211
90289.8
90567.211
90567.8
90583.211
90583.8
90718.211
90718.8
90783.4
90896.5
91002.211
91002.8
91010.211
91010.8
91026.211
91026.8
91125.4
91187.5
91293.211
91293.8
91311.211
91311.8
91348.211
91348.8
91379.211
91379.8
91425.211
91425.8
91446.211
91446.8
91464.211
91464.8
91474.211
91474.8
91492.211
91492.8
91589.211
91589.8
91595.211
91595.8
91814.211
91814.8
91827.211
91827.8
91858.211
91858.8
91909.211
91909.8
91917.211
91917.8
91965.211
91965.8
92045.211
92045.8
92255.211
92255.8
92264.211
92264.8
92285.211
92285.8
92287.211
92287.8
92304.211
92304.8
92551.211
92551.8
92564.211
92564.8
92588.211
92588.8
92617.211
92617.8
93257.8
93320.2
93320.4
93520.3
93561.5
94010.8
94018.8
94320.1
94345.8
94357.211
94357.8
94370.211
94370.8
94422.211
94422.8
94501.211
94501.8
94732.211
94732.8
94738.211
94738.8
94911.211
94911.8
95118.211
95118.8
95137.211
95137.8
95159.211
95159.8
95575.8
95592.8
95638.2
95638.4
95838.3
95870.5
95998.4
96050.5
96088.4
96184.5
96416.4
96430.5
96435.4
96638.1
96664.5
96813.8
96913.211
96913.8
96974.4
97097.5
97120.4
97250.5
97257.4
97265.5
97275.4
97411.5
97423.4
97460.5
97612.8
97613.8
97682.2
97682.4
97882.3
97915.5
98208.4
98221.5
98235.4
98267.5
98682.1
99466.8
99481.211
99481.8
99558.211
99558.8
99591.211
99591.8
99766.211
99766.8
99817.211
99817.8
99886.211
99886.8
99941.211
99941.8
100346.8
100365.8
100378.8
100424.2
100424.4
100624.3
100653.5
100864.4
101020.5
101424.1
101544.8
101552.211
101552.8
101563.211
101563.8
101663.211
101663.8
101817.211
101817.8
102097.211
102097.8
102112.211
102112.8
102457.8
102462.8
102517.2
102517.4
102717.3
102757.5
103506.8
103517.1
103527.8
103676.211
103676.8
103898.211
103898.8
103912.211
103912.8
103929.211
103929.8
103970.211
103970.8
104014.211
104014.8
104065.211
104065.8
104084.211
104084.8
104374.211
104374.8
104393.211
104393.8
104454.211
104454.8
104483.211
104483.8
104547.211
104547.8
104592.211
104592.8
104824.211
104824.8
104996.211
104996.8
105079.211
105079.8
105249.211
105249.8
105521.211
105521.8
105536.211
105536.8
105538.211
105538.8
105600.211
105600.8
105609.211
105609.8
105649.211
105649.8
105717.211
105717.8
105802.211
105802.8
106109.8
106125.8
106171.2
106171.4
106371.3
106408.5
107171.1
107278.8
107322.211
107322.8
107360.211
107360.8
107449.211
107449.8
107457.211
107457.8
107476.211
107476.8
107557.4
107574.5
107665.211
107665.8
107684.211
107684.8
107735.211
107735.8
107867.211
107867.8
107880.211
107880.8
107910.211
107910.8
108265.8
108340.2
108340.4
108540.3
108564.5
108569.4
108571.5
109024.4
109033.5
109045.4
109086.5
109122.4
109127.5
109260.8
109340.1
109514.8
109519.211
109519.8
109530.211
109530.8
109572.211
109572.8
109615.211
109615.8
109671.211
109671.8
109728.211
109728.8
109749.211
109749.8
109804.211
109804.8
110068.211
110068.8
110078.211
110078.8
110135.211
110135.8
110171.211
110171.8
110174.211
110174.8
110245.211
110245.8
110252.211
110252.8
110261.211
110261.8
110292.211
110292.8
110322.211
110322.8
110586.211
110586.8
110589.211
110589.8
110597.211
110597.8
110601.211
110601.8
110635.211
110635.8
110664.211
110664.8
110698.211
110698.8
110828.211
110828.8
110839.211
110839.8
110906.211
110906.8
110922.211
110922.8
110932.211
110932.8
110965.211
110965.8
111203.211
111203.8
111217.211
111217.8
111326.211
111326.8
111365.211
111365.8
111505.211
111505.8
111514.211
111514.8
111525.211
111525.8
111643.211
111643.8
111666.211
111666.8
112170.8
112239.2
112239.4
112439.3
112523.5
112646.4
112688.5
113239.1
113340.8
113355.211
113355.8
113403.211
113403.8
113445.211
113445.8
113531.211
113531.8
113548.211
113548.8
113568.211
113568.8
113595.211
113595.8
113639.211
113639.8
113656.211
113656.8
113726.211
113726.8
113732.211
113732.8
114180.8
114238.2
114238.4
114240.5
114241.4
114246.5
114248.4
114438.3
114481.5
114830.8
115197.8
115238.1
115325.4
115389.5
115693.8
115727.211
115727.8
116055.8
116131.2
116131.4
116331.3
116369.5
117131.1
117227.8
117243.211
117243.8
117459.211
117459.8
117483.211
117483.8
117507.211
117507.8
117846.8
117929.2
117929.4
118129.3
118205.5
118631.8
118791.8
118929.1
119327.8
119331.211
119331.8
119485.211
119485.8
119505.211
119505.8
119550.211
119550.8
119745.211
119745.8
119997.211
119997.8
120007.211
120007.8
120015.211
120015.8
120109.211
120109.8
120291.211
120291.8
120306.211
120306.8
120607.8
120672.2
120672.4
120872.3
120905.5
121096.4
121212.5
121277.4
121355.5
121634.8
121663.8
121672.1
121695.8
121776.211
121776.8
121885.211
121885.8
122022.211
122022.8
122030.211
122030.8
122046.211
122046.8
122075.211
122075.8
122303.211
122303.8
122374.211
122374.8
122482.211
122482.8
123033.8
123089.2
123089.4
123289.3
123319.5
123453.4
123568.5
124089.1
124202.8
124212.211
124212.8
124216.211
124216.8
124229.211
124229.8
124284.211
124284.8
124703.8
124723.8
124775.2
124775.4
124975.3
125010.5
125775.1
129479.8
129501.211
129501.8
129607.211
129607.8
129798.211
129798.8
129802.211
129802.8
129847.211
129847.8
129852.211
129852.8
130021.211
130021.8
130101.4
130148.5
130229.211
130229.8
130255.211
130255.8
130336.4
130432.5
130511.211
130511.8
130525.211
130525.8
130547.211
130547.8
130706.211
130706.8
130738.211
130738.8
130974.211
130974.8
130977.211
130977.8
130992.211
130992.8
131021.211
131021.8
131146.211
131146.8
131159.211
131159.8
131172.211
131172.8
131481.8
131546.2
131546.4
131746.3
131809.5
132546.1
132962.8
132968.211
132968.8
133004.211
133004.8
133083.211
133083.8
133105.211
133105.8
133209.211
133209.8
133212.211
133212.8
133248.211
133248.8
133275.211
133275.8
133422.211
133422.8
133434.211
133434.8
133506.211
133506.8
133671.211
133671.8
133684.211
133684.8
133696.211
133696.8
134026.8
134084.2
134084.4
134284.3
134324.5
135084.1
135158.8
135171.211
135171.8
135243.211
135243.8
135509.211
135509.8
135533.211
135533.8
135579.211
135579.8
135658.211
135658.8
135788.211
135788.8
135839.211
135839.8
135878.211
135878.8
136071.211
136071.8
136092.211
136092.8
136151.211
136151.8
136345.211
136345.8
136365.211
136365.8
136368.211
136368.8
136412.211
136412.8
136422.211
136422.8
136472.211
136472.8
136503.211
136503.8
136756.211
136756.8
136774.211
136774.8
136791.211
136791.8
136811.211
136811.8
136832.211
136832.8
136940.211
136940.8
137046.211
137046.8
137158.211
137158.8
137179.211
137179.8
137370.211
137370.8
137426.211
137426.8
137444.211
137444.8
137638.211
137638.8
137646.211
137646.8
137683.211
137683.8
137927.211
137927.8
137933.211
137933.8
137945.211
137945.8
137970.211
137970.8
138052.4
138087.5
138200.211
138200.8
138268.211
138268.8
138405.211
138405.8
138548.211
138548.8
139017.8
139079.2
139079.4
139279.3
139319.5
139456.4
139627.5
140079.1
140214.8
140235.211
140235.8
140323.211
140323.8
140370.211
140370.8
140425.211
140425.8
140432.211
140432.8
140517.211
140517.8
140572.211
140572.8
140670.211
140670.8
140698.211
140698.8
140711.211
140711.8
140722.211
140722.8
141090.8
141147.2
141147.4
141347.3
141383.5
142147.1
142319.8
142328.211
142328.8
142373.211
142373.8
142514.211
142514.8
142542.211
142542.8
142548.211
142548.8
142779.211
142779.8
142789.211
142789.8
142825.211
142825.8
142831.211
142831.8
142859.211
142859.8
142900.211
142900.8
142960.211
142960.8
143025.211
143025.8
143174.211
143174.8
143414.211
143414.8
143426.211
143426.8
143462.211
143462.8
143544.211
143544.8
143578.211
143578.8
143839.211
143839.8
143847.211
143847.8
143874.211
143874.8
143902.211
143902.8
143942.211
143942.8
143951.211
143951.8
143953.211
143953.8
144285.8
144360.2
144360.4
144560.3
144590.5
145246.8
145360.1
145541.8
145552.211
145552.8
145573.211
145573.8
145626.211
145626.8
145850.211
145850.8
145855.211
145855.8
145870.211
145870.8
145902.211
145902.8
145941.211
145941.8
146778.8
146849.2
146849.4
147049.3
147111.5
147849.1
147909.8
147922.211
147922.8
147969.211
147969.8
148030.211
148030.8
148050.211
148050.8
148109.211
148109.8
148144.211
148144.8
148166.211
148166.8
148205.211
148205.8
148206.211
148206.8
148436.211
148436.8
148442.211
148442.8
148459.211
148459.8
148497.211
148497.8
148806.8
148863.2
148863.4
149063.3
149101.5
149228.4
149285.5
149314.4
149382.5
149480.4
149664.5
149863.1
149870.8
149905.211
149905.8
150001.211
150001.8
150282.211
150282.8
150302.211
150302.8
150345.211
150345.8
150388.211
150388.8
150445.211
150445.8
150488.211
150488.8
150794.8
150796.8
150851.2
150851.4
151051.3
151078.5
151194.4
151249.5
151322.4
151478.5
151851.1
151942.8
151964.211
151964.8
152134.211
152134.8
152248.211
152248.8
152271.211
152271.8
152288.211
152288.8
152464.211
152464.8
152481.211
152481.8
152856.8
152925.2
152925.4
153125.3
153152.5
153339.4
153394.5
153466.4
153524.5
153552.4
153696.5
153925.1
154765.8
154785.211
154785.8
154837.211
154837.8
154856.211
154856.8
155116.211
155116.8
155125.211
155125.8
155341.211
155341.8
155352.211
155352.8
155591.211
155591.8
155709.211
155709.8
155726.211
155726.8
155735.211
155735.8
155747.211
155747.8
155758.211
155758.8
155807.211
155807.8
155901.211
155901.8
155903.211
155903.8
156009.211
156009.8
156057.211
156057.8
156106.211
156106.8
156318.211
156318.8
156334.211
156334.8
156339.211
156339.8
156359.211
156359.8
156375.211
156375.8
156407.211
156407.8
156535.211
156535.8
156563.211
156563.8
156616.211
156616.8
156661.211
156661.8
156895.211
156895.8
156917.211
156917.8
156989.4
157065.5
157136.211
157136.8
157154.211
157154.8
157159.211
157159.8
157235.211
157235.8
157257.211
157257.8
157305.211
157305.8
157458.211
157458.8
158149.8
158155.8
158212.2
158212.4
158412.3
158455.5
158603.4
158655.5
158660.4
158733.5
158815.4
158952.5
158962.4
158999.5
159044.4
159045.5
159047.4
159110.5
159144.4
159166.5
159174.4
159192.5
159196.4
159206.5
159210.4
159212.1
159360.5
159364.4
159415.5
159421.4
159423.5
159501.4
159615.5
159626.4
159813.5
159914.8
159931.211
159931.8
159933.211
159933.8
160049.211
160049.8
160233.211
160233.8
160332.4
160333.5
160344.4
160353.5
160364.4
160396.5
160407.4
160431.5
160440.4
160524.5
164237.8
164243.8
164250.8
164302.2
164302.4
164502.3
164547.5
165302.1
166068.8
166073.211
166073.8
167065.8
167084.8
167136.2
167136.4
167336.3
167595.5
168136.1
169073.8
169090.211
169090.8
169137.211
169137.8
170123.8
170128.8
170189.2
170189.4
170389.3
170438.5
170446.4
170571.5
171189.1
172470.8
172489.211
172489.8
172570.211
172570.8
172590.211
172590.8
173238.4
173264.5
173279.4
173492.5
173581.8
173597.8
173645.2
173645.4
173845.3
173919.5
174562.8
174645.1
174712.8
174897.211
174897.8
175066.211
175066.8
175233.211
175233.8
175503.211
175503.8
175518.211
175518.8
175628.211
175628.8
175641.211
175641.8
175656.211
175656.8
175681.211
175681.8
175724.211
175724.8
175965.211
175965.8
175984.211
175984.8
176046.211
176046.8
176095.211
176095.8
176488.8
176559.2
176559.4
176759.3
176981.5
177079.4
177123.5
177559.1
178033.8
178053.211
178053.8
178106.211
178106.8
178126.211
178126.8
178298.211
178298.8
178482.211
178482.8
178499.211
178499.8
178505.211
178505.8
178555.211
178555.8
178633.211
178633.8
178670.211
178670.8
178713.211
178713.8
178990.211
178990.8
179232.211
179232.8
179247.211
179247.8
179265.211
179265.8
179331.211
179331.8
179386.211
179386.8
179400.211
179400.8
179685.211
179685.8
179705.211
179705.8
179846.211
179846.8
179945.211
179945.8
179973.211
179973.8
179992.211
180000.9
123456789
4
08
17
4
08
17
0
0
0
6
15
05
07
15
38
07
6
2
2481
0
0
0
314159265
65
964
243
180000
314159265
0.1
245.8
256.211
256.8
323.211
323.8
351.211
351.8
445.211
445.8
481.211
481.8
711.211
711.8
719.211
719.8
731.211
731.8
881.211
881.8
884.211
884.8
929.211
929.8
1155.211
1155.8
1166.211
1166.8
1237.211
1237.8
1424.211
1424.8
1594.211
1594.8
1725.211
1725.8
1800.4
1806.5
1875.211
1875.8
2222.8
2223.212
2238.8
2283.2
2283.4
2483.2
2534.5
2619.4
2637.5
2690.4
2798.5
2852.4
2883.3
3003.5
3157.8
3257.8
3401.4
3487.5
3489.4
3490.5
3512.4
3634.5
3683.1
3704.4
3715.5
3804.8
3928.211
3928.8
3975.211
3975.8
4293.8
4294.212
4356.2
4356.4
4556.2
4602.5
4722.4
4729.5
4748.4
4777.5
4780.4
4786.5
4956.3
5102.8
5106.8
5113.8
5206.8
5209.8
5243.8
5513.8
5574.8
5582.8
5756.1
5928.8
5940.211
5940.8
5953.211
5953.8
5984.211
5984.8
6002.211
6002.8
6041.211
6041.8
6083.211
6083.8
6173.211
6173.8
6543.8
6544.212
6600.2
6600.4
6800.2
6836.5
6934.4
6968.5
7009.4
7088.5
7167.4
7200.3
7261.5
7266.4
7305.5
7310.4
7331.5
8000.1
8222.8
8353.211
8353.8
8599.211
8599.8
8627.211
8627.8
8658.211
8658.8
8889.211
8889.8
8903.211
8903.8
8978.4
9026.5
9038.4
9091.5
9173.211
9173.8
9177.211
9177.8
9197.211
9197.8
9267.211
9267.8
9359.211
9359.8
9690.8
9691.212
9746.2
9746.4
9946.2
9982.5
10102.4
10149.5
10180.4
10245.5
10293.4
10346.3
10424.5
10487.4
10563.5
10776.4
10779.5
11146.1
11371.8
11386.211
11386.8
11668.211
11668.8
11680.211
11680.8
11688.211
11688.8
11702.211
11702.8
12063.8
12064.212
12135.2
12135.4
12335.2
12374.5
12474.4
12541.5
12589.4
12657.5
12680.4
12735.3
12816.5
13021.8
13535.1
13543.8
13562.211
13562.8
13574.211
13574.8
13672.211
13672.8
13708.211
13708.8
14022.8
14023.212
14082.2
14082.4
14282.2
14310.5
14442.4
14503.5
14530.4
14595.5
14670.4
14682.3
14703.5
14807.8
14937.4
14995.5
15031.4
15087.5
15090.4
15187.5
15439.8
15452.8
15482.1
15519.8
15529.211
15529.8
15868.8
15869.212
15924.2
15924.4
16124.2
16143.5
16320.4
16406.5
16437.4
16524.3
16540.5
16542.4
16671.5
16771.4
16880.5
16982.8
16984.8
17170.8
17183.8
17324.1
17413.8
17430.211
17430.8
17515.211
17515.8
17558.211
17558.8
17568.211
17568.8
17908.8
17909.212
17969.2
17969.4
18169.2
18202.5
18351.4
18517.5
18569.3
18579.4
18622.5
18920.8
18926.8
18940.8
19369.1
19557.8
19622.211
19622.8
19722.211
19722.8
19743.211
19743.8
19860.211
19860.8
19862.211
19862.8
19995.211
19995.8
19998.211
19998.8
20057.211
20057.8
20271.211
20271.8
20285.211
20285.8
20374.211
20374.8
20398.211
20398.8
20464.211
20464.8
20689.211
20689.8
20694.211
20694.8
20708.211
20708.8
20850.211
20850.8
20881.211
20881.8
20898.211
20898.8
21130.211
21130.8
21161.211
21161.8
21509.8
21510.212
21580.2
21580.4
21780.2
21803.5
21932.4
21998.5
22180.3
22509.8
22775.8
22869.8
22888.8
22980.1
23019.8
23236.211
23236.8
23242.211
23242.8
23274.211
23274.8
23305.211
23305.8
23334.211
23334.8
23619.211
23619.8
23625.211
23625.8
23977.8
23978.212
24037.2
24037.4
24237.2
24272.5
24406.4
24579.5
24637.3
24651.4
24769.5
24908.8
24972.8
25437.1
25520.8
26043.8
26044.212
26117.2
26117.4
26317.2
26344.5
26479.4
26561.5
26669.4
26717.3
26743.5
26759.4
26877.5
26989.8
27517.1
27708.8
27909.211
27909.8
27935.211
27935.8
27990.211
27990.8
28007.211
28007.8
28067.211
28067.8
28219.211
28219.8
28454.211
28454.8
28470.211
28470.8
28525.211
28525.8
28589.211
28589.8
28623.211
28623.8
28659.211
28659.8
29042.8
29043.212
29102.2
29102.4
29302.2
29338.5
29477.4
29549.5
29583.4
29641.5
29702.3
29704.4
29748.5
30156.8
30222.8
30240.8
30292.8
30328.8
30502.1
30537.8
30649.211
30649.8
30678.211
30678.8
30696.211
30696.8
30829.211
30829.8
30864.211
30864.8
31166.8
31167.212
31229.2
31229.4
31429.2
31463.5
31635.4
31749.5
31829.3
32316.8
32417.8
32435.8
32629.1
32974.8
32991.211
32991.8
33063.4
33069.5
33130.211
33130.8
33481.8
33482.212
33545.2
33545.4
33745.2
33774.5
34028.4
34090.5
34145.3
34772.8
34945.1
34973.8
34980.211
34980.8
34993.211
34993.8
35284.211
35284.8
35311.211
35311.8
35377.211
35377.8
35427.211
35427.8
35679.211
35679.8
35694.211
35694.8
35797.211
35797.8
35815.211
35815.8
35853.211
35853.8
36194.8
36195.212
36251.2
36251.4
36451.2
36480.5
36851.3
37651.1
37661.8
37675.211
37675.8
37683.211
37683.8
37719.211
37719.8
37823.211
37823.8
37971.211
37971.8
37979.211
37979.8
38347.8
38348.212
38353.8
38405.2
38405.4
38605.2
38640.5
38643.4
38644.5
39005.3
39420.8
39426.8
39502.8
39513.8
39728.8
39805.1
39811.8
39850.211
39850.8
39859.211
39859.8
39918.211
39918.8
39924.211
39924.8
39928.211
39928.8
39973.211
39973.8
39976.211
39976.8
40034.211
40034.8
40052.211
40052.8
40224.211
40224.8
40248.211
40248.8
40397.211
40397.8
40410.211
40410.8
40438.211
40438.8
40446.211
40446.8
40716.211
40716.8
40722.211
40722.8
40730.211
40730.8
40733.211
40733.8
40846.211
40846.8
40904.211
40904.8
41123.211
41123.8
41129.211
41129.8
41139.211
41139.8
41150.211
41150.8
41190.211
41190.8
41513.8
41514.212
41580.2
41580.4
41780.2
41819.5
41997.4
42047.5
42180.3
42572.8
42980.1
43030.8
43046.211
43046.8
43136.211
43136.8
43144.211
43144.8
43149.211
43149.8
43156.211
43156.8
43192.211
43192.8
43447.211
43447.8
43539.211
43539.8
43545.211
43545.8
43579.211
43579.8
43990.8
43991.212
44049.2
44049.4
44249.2
44286.5
44592.4
44649.3
44669.5
45326.8
45347.8
45426.8
45449.1
45549.8
45563.211
45563.8
45679.211
45679.8
45694.211
45694.8
45921.211
45921.8
46216.211
46216.8
46252.211
46252.8
46301.211
46301.8
46309.211
46309.8
46319.211
46319.8
46347.211
46347.8
46389.211
46389.8
46687.211
46687.8
46697.211
46697.8
46865.211
46865.8
47025.211
47025.8
47050.211
47050.8
47069.211
47069.8
47170.211
47170.8
47187.211
47187.8
47218.211
47218.8
47485.211
47485.8
47494.211
47494.8
47509.211
47509.8
47529.211
47529.8
47578.211
47578.8
47627.211
47627.8
47884.211
47884.8
47897.211
47897.8
47913.211
47913.8
47973.211
47973.8
47984.211
47984.8
48015.211
48015.8
48078.211
48078.8
48424.8
48425.212
48484.2
48484.4
48487.5
48489.4
48684.2
48729.5
49084.3
49884.1
49929.8
49954.211
49954.8
50016.211
50016.8
50078.211
50078.8
50206.211
50206.8
50233.211
50233.8
50631.8
50632.212
50638.8
50698.2
50698.4
50898.2
50932.5
51298.3
51873.8
51898.8
51957.8
51967.8
52098.1
52293.8
52301.211
52301.8
52373.211
52373.8
52769.8
52770.212
52829.2
52829.4
53029.2
53066.5
53429.3
53863.8
53876.8
54030.8
54229.1
54356.8
54487.211
54487.8
54508.211
54508.8
54527.211
54527.8
54546.211
54546.8
54993.8
54994.212
55054.2
55054.4
55254.2
55291.5
55482.4
55551.5
55584.4
55644.5
55654.3
55730.4
55810.5
56007.8
56012.8
56015.8
56020.8
56300.8
56307.8
56454.1
56576.8
56604.211
56604.8
56609.211
56609.8
56639.211
56639.8
56697.211
56697.8
56805.211
56805.8
56821.211
56821.8
57032.211
57032.8
57050.211
57050.8
57103.211
57103.8
57163.211
57163.8
57519.8
57520.212
57575.2
57575.4
57775.2
57806.5
57973.4
58028.5
58175.3
58228.4
58305.5
58330.4
58428.5
58463.4
58631.5
58864.8
58964.8
58972.8
58975.1
58999.8
59031.211
59031.8
59151.211
59151.8
59157.211
59157.8
59171.211
59171.8
59270.211
59270.8
59280.211
59280.8
59370.211
59370.8
59382.211
59382.8
59537.211
59537.8
59560.211
59560.8
59578.211
59578.8
59848.211
59848.8
59853.211
59853.8
59857.211
59857.8
59964.211
59964.8
60226.211
60226.8
60233.211
60233.8
60239.211
60239.8
60259.211
60259.8
60311.211
60311.8
60394.211
60394.8
60419.211
60419.8
60456.211
60456.8
60763.8
60764.212
60820.2
60820.4
61020.2
61051.5
61337.4
61404.5
61410.4
61420.3
61511.5
61609.4
61683.5
61808.4
61873.5
62027.8
62086.8
62220.1
62687.8
62834.211
62834.8
62964.211
62964.8
63102.211
63102.8
63284.211
63284.8
63359.211
63359.8
63381.211
63381.8
63690.8
63691.212
63753.2
63753.4
63953.2
63981.5
64151.4
64293.5
64297.4
64299.5
64353.3
64428.4
64477.5
64679.8
64752.8
64849.8
64923.4
64972.5
64997.4
65064.5
65126.4
65153.1
65346.5
65431.8
65461.211
65461.8
65521.211
65521.8
65578.211
65578.8
65805.211
65805.8
65861.211
65861.8
65886.211
65886.8
65901.211
65901.8
65974.211
65974.8
65979.211
65979.8
65995.211
65995.8
66218.211
66218.8
66225.211
66225.8
66237.211
66237.8
66257.211
66257.8
66270.211
66270.8
66275.211
66275.8
66321.211
66321.8
66364.211
66364.8
66637.211
66637.8
66677.211
66677.8
66772.211
66772.8
66855.211
66855.8
67056.211
67056.8
67058.211
67058.8
67062.211
67062.8
67390.8
67391.212
67446.2
67446.4
67646.2
67682.5
67817.4
67900.5
67918.4
67996.5
68046.3
68113.8
68729.8
68745.8
68833.8
68846.1
68878.8
69091.211
69091.8
69180.211
69180.8
69313.211
69313.8
69605.211
69605.8
69621.211
69621.8
69665.211
69665.8
69672.211
69672.8
69675.211
69675.8
69757.211
69757.8
69774.211
69774.8
69828.211
69828.8
69838.211
69838.8
69993.211
69993.8
70092.211
70092.8
70102.211
70102.8
70120.211
70120.8
70144.211
70144.8
70539.8
70540.212
70596.2
70596.4
70796.2
70830.5
70989.4
71050.5
71059.4
71060.5
71095.4
71159.5
71162.4
71164.5
71187.4
71196.3
71340.5
71360.4
71408.5
71557.8
71591.8
71612.8
71777.4
71837.5
71853.4
71952.5
71996.1
72075.8
72092.211
72092.8
72155.211
72155.8
72196.211
72196.8
72222.211
72222.8
72416.211
72416.8
72427.211
72427.8
72494.211
72494.8
72504.211
72504.8
72519.211
72519.8
72524.211
72524.8
72991.8
72992.212
73061.2
73061.4
73261.2
73265.5
73452.4
73518.5
73661.3
73707.4
73797.5
73800.4
73804.5
73883.4
73917.5
73922.4
74059.5
74100.4
74183.5
74194.4
74253.5
74256.4
74273.5
74301.4
74302.5
74312.4
74313.5
74461.1
74533.8
74582.211
74582.8
74609.211
74609.8
74991.8
74992.212
75046.2
75046.4
75246.2
75280.5
75577.4
75646.3
75670.5
75736.4
75807.5
75816.4
75818.5
75871.4
75935.5
75961.4
76055.5
76078.4
76133.5
76157.4
76178.5
76446.1
76577.8
76601.211
76601.8
77205.8
77206.212
77264.2
77264.4
77464.2
77493.5
77864.3
78206.8
78383.8
78398.8
78447.8
78573.8
78581.8
78664.1
78813.8
78831.211
78831.8
78931.211
78931.8
78976.211
78976.8
79183.211
79183.8
79199.211
79199.8
79242.211
79242.8
79275.211
79275.8
79325.211
79325.8
79514.211
79514.8
79526.211
79526.8
79545.211
79545.8
79595.211
79595.8
79849.211
79849.8
79865.211
79865.8
79895.211
79895.8
79932.211
79932.8
79977.211
79977.8
80145.211
80145.8
80268.211
80268.8
80272.211
80272.8
80435.211
80435.8
80447.211
80447.8
80466.211
80466.8
80525.211
80525.8
80986.8
80987.212
80990.8
81045.2
81045.4
81245.2
81266.5
81443.4
81484.5
81645.3
81713.8
81996.8
82012.8
82445.1
82539.8
82548.211
82548.8
82566.211
82566.8
82616.211
82616.8
82621.211
82621.8
82636.211
82636.8
82662.211
82662.8
82676.211
82676.8
82785.211
82785.8
82792.211
82792.8
82891.211
82891.8
83174.211
83174.8
83198.211
83198.8
83273.211
83273.8
83292.211
83292.8
83295.211
83295.8
83309.211
83309.8
83372.211
83372.8
83611.211
83611.8
83615.211
83615.8
83629.211
83629.8
83691.211
83691.8
83764.211
83764.8
84031.211
84031.8
84052.211
84052.8
84146.211
84146.8
84279.211
84279.8
84497.211
84497.8
84514.211
84514.8
84577.211
84577.8
84604.211
84604.8
84661.211
84661.8
84701.211
84701.8
84837.211
84837.8
84870.211
84870.8
84873.211
84873.8
84985.211
84985.8
85363.8
85364.212
85423.2
85423.4
85623.2
85657.5
86023.3
86823.1
86965.8
86998.211
86998.8
87151.211
87151.8
87288.211
87288.8
87355.211
87355.8
87492.211
87492.8
87503.211
87503.8
87884.8
87885.212
87941.2
87941.4
88141.2
88174.5
88378.4
88443.5
88541.3
89341.1
89553.8
89567.211
89567.8
89714.211
89714.8
90055.8
90056.212
90111.2
90111.4
90311.2
90344.5
90515.4
90678.5
90679.4
90711.3
90742.5
90890.8
91431.8
91454.8
91511.1
91676.8
91732.211
91732.8
91822.211
91822.8
92096.211
92096.8
92103.211
92103.8
92218.211
92218.8
92442.211
92442.8
92525.211
92525.8
92874.8
92875.212
92933.2
92933.4
93133.2
93164.5
93303.4
93460.5
93463.4
93471.5
93533.3
93555.4
93624.5
93642.4
93709.5
94000.8
94333.1
94557.8
95127.8
95128.212
95189.2
95189.4
95389.2
95420.5
95605.4
95674.5
95789.3
96589.1
96734.8
96749.211
96749.8
96955.211
96955.8
96972.211
96972.8
97021.211
97021.8
97029.211
97029.8
97149.211
97149.8
97432.211
97432.8
97451.211
97451.8
97501.211
97501.8
97801.211
97801.8
98096.211
98096.8
98106.211
98106.8
98122.211
98122.8
98162.211
98162.8
98220.211
98220.8
98534.8
98535.212
98608.2
98608.4
98808.2
98844.5
99023.4
99087.5
99165.4
99208.3
99218.5
99863.4
99925.5
100008.1
100118.8
100274.211
100274.8
100281.211
100281.8
100324.211
100324.8
100491.211
100491.8
100722.211
100722.8
100784.211
100784.8
100987.211
100987.8
100993.211
100993.8
101004.211
101004.8
101007.211
101007.8
101066.211
101066.8
101091.211
101091.8
101152.211
101152.8
101158.211
101158.8
101245.211
101245.8
101465.211
101465.8
101472.211
101472.8
101865.8
101866.212
101926.2
101926.4
102126.2
102161.5
102391.4
102429.5
102435.4
102438.5
102447.4
102448.5
102484.4
102526.3
102557.5
102574.4
102733.5
102800.4
102865.5
103326.1
103523.8
103530.211
103530.8
103544.211
103544.8
103738.211
103738.8
103945.211
103945.8
103952.211
103952.8
104252.211
104252.8
104276.211
104276.8
104362.211
104362.8
104713.8
104714.212
104771.2
104771.4
104971.2
104996.5
105179.4
105256.5
105284.4
105347.5
105371.3
105461.4
105510.5
105588.4
105656.5
105672.4
105750.5
105771.4
105842.5
105867.4
105964.5
106171.1
106216.8
106581.8
106582.212
106636.2
106636.4
106836.2
106868.5
107157.4
107224.5
107236.3
108036.1
108716.8
109044.8
109045.212
109104.2
109104.4
109304.2
109337.5
109603.4
109663.5
109693.4
109704.3
109784.5
109870.4
109921.5
110030.4
110178.5
110182.4
110184.5
110504.1
111111.8
111132.211
111132.8
111229.211
111229.8
111259.211
111259.8
111312.211
111312.8
111316.211
111316.8
111326.211
111326.8
111394.211
111394.8
111499.211
111499.8
111504.211
111504.8
111781.211
111781.8
111786.211
111786.8
111810.211
111810.8
112010.211
112010.8
112023.211
112023.8
112173.211
112173.8
112189.211
112189.8
112688.8
112689.212
112779.2
112779.4
112979.2
113007.5
113281.4
113349.5
113379.3
113492.4
113518.5
113550.4
113590.5
113597.4
113658.5
113713.4
113783.5
113956.4
114005.5
114053.4
114119.5
114179.1
114479.8
114485.211
114485.8
114491.211
114491.8
114512.211
114512.8
114573.211
114573.8
114593.211
114593.8
114727.211
114727.8
114740.211
114740.8
114765.211
114765.8
114892.211
114892.8
114914.211
114914.8
115257.8
115258.212
115356.2
115356.4
115556.2
115604.5
115759.4
115892.5
115905.4
115956.3
115970.5
115972.4
116020.5
116022.4
116154.5
116156.4
116159.5
116164.4
116282.5
116362.4
116421.5
116425.4
116427.5
116756.1
117037.8
117058.211
117058.8
117079.211
117079.8
117162.211
117162.8
117164.211
117164.8
117189.211
117189.8
117221.211
117221.8
117308.211
117308.8
117455.211
117455.8
117470.211
117470.8
117600.211
117600.8
117613.211
117613.8
117623.211
117623.8
117653.211
117653.8
117709.211
117709.8
117753.211
117753.8
117887.211
117887.8
117904.211
117904.8
117934.211
117934.8
117947.211
117947.8
118149.211
118149.8
118396.211
118396.8
118417.211
118417.8
118461.211
118461.8
118469.211
118469.8
118604.211
118604.8
118609.211
118609.8
118633.211
118633.8
118662.211
118662.8
118677.211
118677.8
118979.8
118980.212
119085.2
119085.4
119285.2
119326.5
119464.4
119530.5
119559.4
119644.5
119685.3
120190.8
120270.8
120345.8
120485.1
120567.8
120568.211
120568.8
120592.211
120592.8
120610.211
120610.8
120715.211
120715.8
120734.211
120734.8
120762.211
120762.8
120866.211
120866.8
120889.211
120889.8
121194.8
121195.212
121254.2
121254.4
121454.2
121480.5
121605.4
121734.5
121854.3
121965.4
122025.5
122043.4
122100.5
122170.4
122366.5
122370.4
122375.5
122654.1
122788.8
122816.211
122816.8
122818.211
122818.8
122857.211
122857.8
123173.8
123174.212
123251.2
123251.4
123451.2
123481.5
123692.4
123739.5
123744.4
123837.5
123851.3
124651.1
124801.8
124819.211
124819.8
124850.211
124850.8
124918.211
124918.8
124930.211
124930.8
125028.211
125028.8
125046.211
125046.8
125113.211
125113.8
125146.211
125146.8
125153.211
125153.8
125217.211
125217.8
125226.211
125226.8
125233.211
125233.8
125293.211
125293.8
125403.211
125403.8
125416.211
125416.8
125627.211
125627.8
125640.211
125640.8
125660.211
125660.8
125820.211
125820.8
125879.211
125879.8
125906.211
125906.8
125933.211
125933.8
126136.211
126136.8
126148.211
126148.8
126150.211
126150.8
126235.211
126235.8
126268.211
126268.8
126312.211
126312.8
126327.211
126327.8
126490.211
126490.8
126564.211
126564.8
126866.8
126867.212
126931.2
126931.4
127131.2
127165.5
127359.4
127400.5
127531.3
127988.8
128114.8
128267.8
128331.1
128504.8
128513.211
128513.8
128528.211
128528.8
128555.211
128555.8
128562.211
128562.8
128581.211
128581.8
128592.211
128592.8
128649.211
128649.8
128679.211
128679.8
128737.211
128737.8
128994.211
128994.8
128999.211
128999.8
129010.211
129010.8
129044.211
129044.8
129049.211
129049.8
129053.211
129053.8
129098.211
129098.8
129120.211
129120.8
129164.211
129164.8
129190.211
129190.8
129206.211
129206.8
129253.211
129253.8
129367.211
129367.8
129469.211
129469.8
129481.211
129481.8
129922.4
129974.5
129989.4
130011.5
130094.8
130095.212
130154.2
130154.4
130354.2
130389.5
130754.3
131465.8
131480.8
131554.1
131557.8
131571.211
131571.8
131593.211
131593.8
131960.8
131961.212
132026.2
132026.4
132226.2
132249.5
132626.3
133107.8
133120.8
133169.8
133244.8
133262.8
133426.1
133683.8
133699.211
133699.8
133711.211
133711.8
133770.211
133770.8
133899.211
133899.8
133943.211
133943.8
134067.211
134067.8
134085.211
134085.8
134136.211
134136.8
134142.211
134142.8
134571.8
134572.212
134630.2
134630.4
134830.2
134866.5
134900.4
134981.5
135055.4
135127.5
135201.4
135230.3
135253.5
135918.8
136030.1
136031.8
136076.211
136076.8
136137.211
136137.8
136393.211
136393.8
136517.211
136517.8
136540.211
136540.8
136576.211
136576.8
136816.211
136816.8
136823.211
136823.8
136829.211
136829.8
136839.211
136839.8
136965.211
136965.8
136986.211
136986.8
137083.211
137083.8
137144.211
137144.8
137269.211
137269.8
137281.211
137281.8
137297.211
137297.8
137302.211
137302.8
137581.211
137581.8
137593.211
137593.8
137608.211
137608.8
137648.211
137648.8
137655.211
137655.8
137718.211
137718.8
137763.211
137763.8
137850.211
137850.8
137997.211
137997.8
137999.211
137999.8
138268.211
138268.8
138331.211
138331.8
138819.8
138820.212
138875.2
138875.4
139075.2
139117.5
139475.3
139720.8
139771.8
140184.8
140237.8
140256.8
140275.1
140286.8
140392.211
140392.8
140587.211
140587.8
140599.211
140599.8
141013.8
141014.212
141069.2
141069.4
141269.2
141300.5
141418.4
141465.5
141494.4
141570.5
141669.3
141680.4
141748.5
142008.4
142054.5
142093.4
142128.5
142148.4
142221.5
142469.1
142543.8
142560.211
142560.8
142640.211
142640.8
143025.8
143026.212
143029.8
143081.2
143081.4
143093.5
143097.4
143098.5
143099.4
143102.5
143103.4
143281.2
143327.5
143681.3
144481.1
144520.8
144569.211
144569.8
144578.211
144578.8
145049.8
145050.212
145107.2
145107.4
145307.2
145347.5
145707.3
145903.8
145952.8
146365.8
146507.1
146636.8
146648.211
146648.8
146741.211
146741.8
146765.211
146765.8
146826.211
146826.8
146880.211
146880.8
146955.211
146955.8
147085.211
147085.8
147205.211
147205.8
147279.211
147279.8
147289.211
147289.8
147573.211
147573.8
147590.211
147590.8
147659.211
147659.8
147718.211
147718.8
147866.211
147866.8
147884.211
147884.8
148030.211
148030.8
148032.211
148032.8
148055.211
148055.8
148298.211
148298.8
148303.211
148303.8
148313.211
148313.8
148330.211
148330.8
148337.211
148337.8
148378.211
148378.8
148431.211
148431.8
148479.211
148479.8
148507.211
148507.8
148531.211
148531.8
148545.211
148545.8
148584.211
148584.8
148607.211
148607.8
148640.211
148640.8
148985.8
148986.212
149058.2
149058.4
149258.2
149302.5
149658.3
150458.1
150779.8
150798.211
150798.8
150840.211
150840.8
150848.211
150848.8
150854.211
150854.8
150915.211
150915.8
150930.211
150930.8
150970.211
150970.8
150990.211
150990.8
151069.211
151069.8
151188.211
151188.8
151197.211
151197.8
151225.211
151225.8
151471.211
151471.8
151478.211
151478.8
151541.211
151541.8
151566.211
151566.8
151576.211
151576.8
151627.211
151627.8
151643.211
151643.8
151664.211
151664.8
152071.8
152072.212
152135.2
152135.4
152335.2
152376.5
152505.4
152674.5
152735.3
153535.1
153934.8
153953.211
153953.8
154054.211
154054.8
154248.211
154248.8
154266.211
154266.8
154334.211
154334.8
154429.211
154429.8
154765.8
154766.212
154825.2
154825.4
155025.2
155061.5
155197.4
155262.5
155425.3
155832.8
155840.8
155924.8
155932.8
155957.8
156225.1
156460.8
156661.211
156661.8
156665.211
156665.8
157020.8
157021.212
157083.2
157083.4
157283.2
157315.5
157683.3
157856.8
158483.1
158596.8
158620.211
158620.8
158851.211
158851.8
158871.211
158871.8
159418.8
159419.212
159489.2
159489.4
159689.2
159721.5
160015.4
160089.3
160205.5
160448.8
160796.8
160889.1
161489.8
161616.211
161616.8
161794.211
161794.8
162093.211
162093.8
162109.211
162109.8
162288.211
162288.8
162456.211
162456.8
162990.8
162991.212
163086.2
163086.4
163286.2
163324.5
163550.4
163594.5
163686.3
164486.1
164520.8
164534.211
164534.8
164616.211
164616.8
164709.211
164709.8
165089.8
165090.212
165144.2
165144.4
165344.2
165383.5
165744.3
166490.8
166510.8
166544.1
166573.8
166586.211
166586.8
166612.211
166612.8
166716.211
166716.8
166943.211
166943.8
166989.211
166989.8
167114.211
167114.8
167137.211
167137.8
167188.211
167188.8
167203.211
167203.8
167383.211
167383.8
167402.211
167402.8
167453.211
167453.8
167468.211
167468.8
167492.211
167492.8
167562.211
167562.8
167895.8
167896.212
167902.8
167962.2
167962.4
168162.2
168199.5
168397.4
168438.5
168562.3
169022.8
169042.8
169357.8
169362.1
169373.8
169740.8
169741.212
169793.2
169793.4
169993.2
170033.5
170198.4
170221.5
170223.4
170308.5
170389.4
170393.3
170454.5
170455.4
170537.5
170750.4
170807.5
171193.1
171654.8
171671.211
171671.8
171717.211
171717.8
171731.211
171731.8
171754.211
171754.8
171805.211
171805.8
171846.211
171846.8
171917.211
171917.8
171921.211
171921.8
171952.211
171952.8
171971.211
171971.8
172127.211
172127.8
172246.211
172246.8
172253.211
172253.8
172400.211
172400.8
172736.8
172737.212
172796.2
172796.4
172996.2
173036.5
173396.3
174196.1
175519.8
175536.211
175536.8
175569.211
175569.8
175678.211
175678.8
175807.211
175807.8
175938.211
175938.8
175944.211
175944.8
175954.211
175954.8
176184.211
176184.8
176206.211
176206.8
176290.211
176290.8
176298.211
176298.8
176372.211
176372.8
176394.211
176394.8
176477.211
176477.8
176491.211
176491.8
176659.211
176659.8
176765.211
176765.8
176889.211
176889.8
177046.211
177046.8
177069.211
177069.8
177367.211
177367.8
177381.211
177381.8
177406.211
177406.8
177594.211
177594.8
177667.211
177667.8
178050.8
178051.212
178140.2
178140.4
178340.2
178394.5
178740.3
179187.8
179540.1
179617.8
179662.211
179662.8
179747.211
180000.9
123456789
4
09
17
4
09
17
0
0
0
6
15
11
59
15
44
59
6
2
1873
0
0
0
314159265
65
639
226
180000
314159265
0.1
1.4
44.5
145.8
192.211
192.8
507.8
508.212
570.2
570.4
770.2
812.5
904.4
948.5
983.4
1077.5
1096.4
1170.3
1214.5
1366.4
1415.5
1970.1
2160.8
2223.4
2237.5
2286.211
2286.8
2409.211
2409.8
2472.211
2472.8
2497.211
2497.8
2750.211
2750.8
2819.211
2819.8
2848.211
2848.8
2852.211
2852.8
2890.211
2890.8
3053.211
3053.8
3362.8
3363.212
3425.2
3425.4
3625.2
3662.5
3856.4
3906.5
3933.4
4013.5
4025.3
4150.4
4214.5
4262.4
4343.5
4825.1
5199.8
5312.211
5312.8
5460.211
5460.8
5777.8
5778.212
5785.8
5837.2
5837.4
6037.2
6070.5
6238.4
6302.5
6306.4
6356.5
6380.4
6433.5
6437.3
6438.4
6521.5
6638.4
6696.5
6770.4
6825.5
6854.4
6915.5
7182.8
7237.1
7247.8
7275.211
7275.8
7301.211
7301.8
7418.211
7418.8
7514.211
7514.8
7547.211
7547.8
7713.211
7713.8
7977.211
7977.8
7986.211
7986.8
8006.211
8006.8
8034.211
8034.8
8062.211
8062.8
8271.211
8271.8
8393.211
8393.8
8405.211
8405.8
8478.211
8478.8
8701.211
8701.8
8712.211
8712.8
8941.211
8941.8
8953.211
8953.8
8969.211
8969.8
8981.211
8981.8
9371.8
9372.212
9447.2
9447.4
9647.2
9686.5
10047.3
10375.8
10389.8
10841.8
10847.1
10878.8
10916.211
10916.8
11139.211
11139.8
11434.211
11434.8
11459.211
11459.8
11525.211
11525.8
11542.211
11542.8
11562.211
11562.8
11838.211
11838.8
12035.211
12035.8
12072.211
12072.8
12572.8
12573.212
12634.2
12634.4
12834.2
12873.5
13004.4
13111.5
13234.3
13992.8
14034.1
14098.8
14343.211
14343.8
14364.211
14364.8
14412.211
14412.8
14423.211
14423.8
14979.4
15020.5
15103.8
15104.212
15158.2
15158.4
15358.2
15393.5
15528.4
15589.5
15606.4
15668.5
15681.4
15758.3
15831.5
16558.1
16583.8
16602.211
16602.8
16708.211
16708.8
16807.211
16807.8
17034.211
17034.8
17229.211
17229.8
17240.211
17240.8
17243.211
17243.8
17276.211
17276.8
17518.211
17518.8
17534.211
17534.8
17599.211
17599.8
17978.8
17979.212
18032.2
18032.4
18232.2
18260.5
18375.4
18514.5
18589.4
18632.3
18651.5
19432.1
21608.8
21898.211
21898.8
21907.211
21907.8
22024.211
22024.8
22377.8
22378.212
22431.2
22431.4
22631.2
22667.5
22824.4
22958.5
23031.3
23045.4
23110.5
23173.4
23239.5
23303.4
23400.5
23831.1
23940.8
24276.8
24277.212
24330.2
24330.4
24530.2
24552.5
24930.3
25601.8
25730.1
25927.8
26024.211
26024.8
26105.211
26105.8
26188.211
26188.8
26562.8
26563.212
26622.2
26622.4
26822.2
26849.5
27005.4
27067.5
27110.4
27177.5
27222.3
27262.4
27322.5
27403.4
27481.5
28022.1
28022.8
28041.8
28059.211
28059.8
28132.211
28132.8
28335.211
28335.8
28346.211
28346.8
28628.211
28628.8
28650.211
28650.8
28700.211
28700.8
29044.8
29045.212
29113.2
29113.4
29313.2
29349.5
29713.3
30229.8
30388.8
30513.1
30736.8
30766.211
30766.8
30825.211
30825.8
30841.211
30841.8
30924.211
30924.8
30933.211
30933.8
31260.8
31261.212
31314.2
31314.4
31514.2
31550.5
31679.4
31800.5
31900.4
31914.3
32027.5
32084.4
32138.5
32714.1
33028.8
33094.211
33094.8
33144.211
33144.8
33187.211
33187.8
33312.211
33312.8
33546.211
33546.8
33549.211
33549.8
33822.211
33822.8
33845.211
33845.8
33907.211
33907.8
34285.8
34286.212
34345.2
34345.4
34545.2
34582.5
34757.4
34807.5
34848.4
34910.5
34945.3
34979.4
35038.5
35745.1
35774.8
35789.211
35789.8
35834.211
35834.8
36090.211
36090.8
36136.211
36136.8
36288.211
36288.8
36306.211
36306.8
36530.211
36530.8
36536.211
36536.8
36550.211
36550.8
36579.211
36579.8
36803.211
36803.8
36817.211
36817.8
37089.211
37089.8
37122.211
37122.8
37166.211
37166.8
37273.211
37273.8
37300.211
37300.8
37683.8
37684.212
37756.2
37756.4
37956.2
37993.5
38126.4
38223.5
38226.4
38229.5
38236.4
38240.5
38287.4
38356.3
38368.5
38464.4
38519.5
38524.4
38529.5
38567.4
38623.5
38808.8
39156.1
40381.8
40391.211
40391.8
40654.211
40654.8
40864.211
40864.8
40869.211
40869.8
40878.211
40878.8
41054.211
41054.8
41475.8
41476.212
41572.2
41572.4
41772.2
41804.5
42172.3
42972.1
43040.8
43397.8
43398.212
43453.2
43453.4
43653.2
43688.5
43841.4
43909.5
43941.4
44005.5
44053.3
44109.4
44162.5
44241.4
44364.5
44367.4
44369.5
44402.4
44482.5
44520.4
44539.5
44566.4
44568.5
44619.4
44648.5
44663.4
44669.5
44710.4
44798.5
44853.1
44958.8
45075.211
45075.8
45248.211
45248.8
45262.211
45262.8
45338.211
45338.8
45570.211
45570.8
45573.211
45573.8
45591.211
45591.8
45668.211
45668.8
45820.211
45820.8
46093.211
46093.8
46114.211
46114.8
46170.211
46170.8
46328.211
46328.8
46378.211
46378.8
46410.211
46410.8
46738.8
46739.212
46798.2
46798.4
46998.2
47032.5
47181.4
47224.5
47398.3
47919.8
48198.1
48543.8
48551.211
48551.8
48564.211
48564.8
49096.8
49097.212
49159.2
49159.4
49359.2
49399.5
49553.4
49618.5
49621.4
49678.5
49691.4
49759.3
49769.5
49809.4
49860.5
49951.4
50002.5
50047.4
50127.5
50289.4
50402.5
50414.4
50473.5
50559.1
50920.8
51020.211
51020.8
51310.211
51310.8
51337.211
51337.8
51476.211
51476.8
51781.8
51782.212
51845.2
51845.4
52045.2
52083.5
52445.3
53117.8
53245.1
53345.8
53358.211
53358.8
53726.8
53727.212
53783.2
53783.4
53983.2
54017.5
54229.4
54277.5
54383.3
55183.1
55842.8
56370.8
56371.212
56431.2
56431.4
56631.2
56665.5
56903.4
56946.5
56952.4
57007.5
57009.4
57031.3
57087.5
57133.4
57304.5
57561.8
57831.1
57862.8
57882.211
57882.8
57901.211
57901.8
57943.211
57943.8
58198.211
58198.8
58215.211
58215.8
58533.8
58534.212
58595.2
58595.4
58795.2
58822.5
58968.4
59033.5
59157.4
59195.3
59221.5
59279.4
59399.5
59995.1
60438.8
60625.211
60625.8
60633.211
60633.8
60656.211
60656.8
61002.8
61003.212
61063.2
61063.4
61263.2
61302.5
61663.3
62463.1
62474.8
62509.211
62509.8
62548.211
62548.8
62986.8
62987.212
63047.2
63047.4
63247.2
63281.5
63647.3
64447.1
64552.8
64626.211
64626.8
64910.211
64910.8
64921.211
64921.8
64986.211
64986.8
65052.211
65052.8
65110.211
65110.8
65141.211
65141.8
65147.211
65147.8
65215.211
65215.8
65578.8
65579.212
65633.2
65633.4
65833.2
65866.5
66151.4
66169.5
66191.4
66233.3
66286.5
66350.4
66393.5
66486.4
66539.5
66590.4
66839.5
66840.4
66925.5
66926.4
67033.1
67150.5
67247.8
67255.211
67255.8
67332.211
67332.8
67339.211
67339.8
67447.211
67447.8
67453.211
67453.8
67459.211
67459.8
67669.211
67669.8
68576.8
68577.212
68629.2
68629.4
68829.2
68863.5
69081.4
69135.5
69229.3
69286.4
69290.5
69326.4
69401.5
69483.4
69575.5
69629.4
69692.5
70029.1
70215.8
70225.211
70225.8
70292.211
70292.8
70299.211
70299.8
70727.8
70728.212
70786.2
70786.4
70986.2
71017.5
71266.4
71379.5
71383.4
71386.3
71391.5
71643.4
71744.5
71745.4
71747.5
71877.4
71961.5
72186.1
72474.8
72544.211
72544.8
72696.211
72696.8
72980.211
72980.8
72993.211
72993.8
73069.211
73069.8
73210.211
73210.8
73223.211
73223.8
73373.211
73373.8
73384.211
73384.8
73641.211
73641.8
73663.211
73663.8
73674.211
73674.8
74064.8
74065.212
74137.2
74137.4
74337.2
74366.5
74737.3
75149.8
75537.1
75669.8
75989.8
75990.212
76045.2
76045.4
76245.2
76282.5
76645.3
76854.8
77445.1
77487.8
77494.211
77494.8
77905.8
77906.212
77962.2
77962.4
78162.2
78195.5
78418.4
78484.5
78562.3
79063.8
79069.8
79103.8
79269.8
79362.1
79511.8
79536.211
79536.8
79582.211
79582.8
79676.211
79676.8
79689.211
79689.8
79967.211
79967.8
80056.211
80056.8
80111.211
80111.8
80240.211
80240.8
80496.211
80496.8
80534.211
80534.8
80632.211
80632.8
80649.211
80649.8
80875.211
80875.8
81139.211
81139.8
81151.211
81151.8
81186.211
81186.8
81570.8
81571.212
81632.2
81632.4
81832.2
81869.5
82082.4
82136.5
82173.4
82230.5
82232.3
82366.4
82415.5
82509.4
82645.5
82649.4
82754.5
82808.4
83012.5
83032.1
83120.8
83409.211
83409.8
83421.211
83421.8
83686.211
83686.8
83742.211
83742.8
83770.211
83770.8
83947.211
83947.8
84187.211
84187.8
84202.211
84202.8
84244.211
84244.8
84512.211
84512.8
84531.211
84531.8
84873.8
84874.212
84930.2
84930.4
85130.2
85163.5
85530.3
86316.8
86329.8
86330.1
86341.8
86392.211
86392.8
86494.211
86494.8
86827.8
86828.212
86886.2
86886.4
87086.2
87123.5
87343.4
87437.5
87443.4
87486.3
87493.5
87496.4
87571.5
87690.4
87782.5
88286.1
88550.8
88562.211
88562.8
88618.211
88618.8
88867.211
88867.8
88875.211
88875.8
88948.211
88948.8
88953.211
88953.8
89319.8
89320.212
89379.2
89379.4
89579.2
89610.5
89979.3
90779.1
90993.8
91156.211
91156.8
94356.8
94357.212
94423.2
94423.4
94623.2
94669.5
95023.3
95464.4
95510.5
95658.4
95680.5
95701.4
95711.5
95791.4
95823.1
96061.5
96368.8
96438.4
96661.5
96750.4
96814.5
96854.4
96929.5
97125.8
97126.212
97185.2
97185.4
97385.2
97420.5
97734.4
97785.3
97799.5
97803.4
97804.5
97876.4
97924.5
98025.4
98074.5
98349.4
98400.5
98463.4
98520.5
98585.1
98609.4
98667.5
98790.8
98800.211
98800.8
98882.4
98925.5
98940.4
98994.5
99015.4
99199.5
99322.8
99323.212
99379.2
99379.4
99579.2
99612.5
99820.4
99864.5
99882.4
99979.3
100221.5
100224.4
100314.5
100337.4
100342.5
100362.4
100429.5
100541.4
100591.5
100779.1
101364.8
101745.8
101746.212
101809.2
101809.4
102009.2
102041.5
102402.4
102409.3
102435.5
102439.4
102514.5
103209.1
103302.8
103311.211
103311.8
103329.211
103329.8
103385.211
103385.8
103388.211
103388.8
103456.211
103456.8
103816.8
103817.212
103873.2
103873.4
104073.2
104111.5
104361.4
104418.5
104473.3
105273.1
106197.8
106226.211
106226.8
106469.211
106469.8
106480.211
106480.8
106492.211
106492.8
106572.211
106572.8
106590.211
106590.8
106621.211
106621.8
106697.211
106697.8
106706.211
106706.8
106712.211
106712.8
106715.211
106715.8
106974.211
106974.8
106980.211
106980.8
106994.211
106994.8
107058.211
107058.8
107329.211
107329.8
107339.211
107339.8
107376.211
107376.8
107431.211
107431.8
107730.211
107730.8
107795.211
107795.8
108070.211
108070.8
108085.211
108085.8
108134.211
108134.8
108145.211
108145.8
108439.211
108439.8
108464.211
108464.8
108510.211
108510.8
108534.211
108534.8
109002.8
109003.212
109067.2
109067.4
109267.2
109301.5
109667.3
109757.8
109809.8
109830.8
109900.8
110003.8
110081.8
110318.8
110371.8
110467.1
110671.8
110683.211
110683.8
110701.211
110701.8
110961.211
110961.8
110971.211
110971.8
111392.8
111393.212
111455.2
111455.4
111655.2
111688.5
112042.8
112055.3
112065.8
112855.1
112959.8
112969.211
112969.8
113014.211
113014.8
113017.211
113017.8
113034.211
113034.8
113061.211
113061.8
113604.8
113605.212
113663.2
113663.4
113863.2
113916.5
114143.4
114163.5
114166.4
114249.5
114254.4
114263.3
114316.5
114360.4
114429.5
114444.4
114646.5
114924.4
114977.5
115063.1
115203.8
115222.211
115222.8
115230.211
115230.8
115663.8
115664.212
115667.8
115748.2
115748.4
115948.2
115983.5
116348.3
116469.8
116504.8
117148.1
117270.8
117288.211
117288.8
117318.211
117318.8
117341.211
117341.8
117417.211
117417.8
117489.211
117489.8
117860.8
117861.212
117917.2
117917.4
118117.2
118151.5
118517.3
118681.8
118842.8
118849.8
119317.1
119780.8
119796.211
119796.8
119827.211
119827.8
119844.211
119844.8
119883.211
119883.8
120335.8
120336.212
120407.2
120407.4
120607.2
120639.5
121007.3
121547.8
121567.8
121807.1
122000.8
122016.211
122016.8
122062.211
122062.8
122171.211
122171.8
122351.211
122351.8
122364.211
122364.8
122604.211
122604.8
122661.211
122661.8
122675.211
122675.8
122684.211
122684.8
122689.211
122689.8
122701.211
122701.8
122704.211
122704.8
122753.211
122753.8
122828.211
122828.8
122838.211
122838.8
122922.211
122922.8
122943.211
122943.8
122949.211
122949.8
123084.211
123084.8
123098.211
123098.8
123390.211
123390.8
123406.211
123406.8
123421.211
123421.8
123437.211
123437.8
123457.211
123457.8
123478.211
123478.8
123496.211
123496.8
123508.211
123508.8
123539.211
123539.8
123707.211
123707.8
123732.211
123732.8
123772.211
123772.8
123923.211
123923.8
124191.211
124191.8
124197.211
124197.8
124211.211
124211.8
124355.211
124355.8
124544.211
124544.8
124561.211
124561.8
124682.211
124682.8
124705.211
124705.8
124923.211
124923.8
124943.211
124943.8
124986.211
124986.8
124993.211
124993.8
124997.211
124997.8
125045.211
125045.8
125105.211
125105.8
125113.211
125113.8
125121.211
125121.8
125369.211
125369.8
125388.211
125388.8
125413.211
125413.8
125416.211
125416.8
125440.211
125440.8
125809.8
125810.212
125876.2
125876.4
126076.2
126119.5
126331.4
126357.5
126398.4
126408.5
126411.4
126476.3
126476.5
126951.8
126957.8
127276.1
127288.8
127300.211
127300.8
127316.211
127316.8
127372.211
127372.8
127485.211
127485.8
127491.211
127491.8
127798.8
127799.212
127801.8
127866.2
127866.4
128066.2
128108.5
128466.3
129266.1
130071.8
130077.211
130077.8
130212.211
130212.8
130787.8
130788.212
130846.2
130846.4
131046.2
131081.5
131446.3
131685.8
131700.8
132246.1
132433.8
132450.211
132450.8
132957.8
132958.212
132962.8
133014.2
133014.4
133214.2
133251.5
133358.4
133544.5
133614.3
133696.4
133743.5
133783.4
133851.5
133892.4
133955.5
134013.4
134065.5
134078.4
134197.5
134321.4
134414.1
134527.5
134678.8
134891.211
134891.8
134905.211
134905.8
134909.211
134909.8
134914.211
134914.8
135038.211
135038.8
135317.211
135317.8
135335.211
135335.8
135406.211
135406.8
135507.211
135507.8
135797.211
135797.8
135808.211
135808.8
135998.211
135998.8
136009.211
136009.8
136032.211
136032.8
136170.211
136170.8
136270.211
136270.8
136284.211
136284.8
136499.211
136499.8
136513.211
136513.8
136799.211
136799.8
136810.211
136810.8
136844.211
136844.8
136859.211
136859.8
136887.211
136887.8
137200.8
137201.212
137257.2
137257.4
137457.2
137496.5
137857.3
138657.1
138930.8
138946.211
138946.8
138963.211
138963.8
139092.211
139092.8
139425.8
139426.212
139489.2
139489.4
139689.2
139730.5
139971.4
140033.5
140056.4
140089.3
140116.5
140187.4
140269.5
140889.1
141251.8
141340.211
141340.8
141368.211
141368.8
141387.211
141387.8
141421.211
141421.8
141568.211
141568.8
141885.8
141886.212
141891.8
141952.2
141952.4
142152.2
142185.5
142552.3
143352.1
143365.8
143383.211
143383.8
143576.211
143576.8
143689.211
143689.8
143836.211
143836.8
144244.8
144245.212
144303.2
144303.4
144503.2
144535.5
144782.4
144835.5
144903.3
145699.8
145703.1
145713.8
145762.211
145762.8
145795.211
145795.8
145802.211
145802.8
145838.211
145838.8
145879.211
145879.8
145890.211
145890.8
146080.211
146080.8
146107.211
146107.8
146150.211
146150.8
146181.211
146181.8
146319.211
146319.8
146354.211
146354.8
146368.211
146368.8
146638.211
146638.8
146644.211
146644.8
146655.211
146655.8
146676.211
146676.8
146691.211
146691.8
147091.8
147092.212
147162.2
147162.4
147362.2
147398.5
147547.4
147759.5
147762.3
148562.1
150565.4
150673.5
151865.8
152125.4
152154.5
152209.8
152210.212
152264.2
152264.4
152464.2
152503.5
152685.4
152747.5
152864.3
153629.8
153664.1
153849.8
153870.211
153870.8
154265.8
154266.212
154322.2
154322.4
154522.2
154564.5
154922.3
155722.1
155898.8
155937.211
155937.8
156143.211
156143.8
156156.211
156156.8
156165.211
156165.8
156201.211
156201.8
156266.211
156266.8
156516.211
156516.8
156534.211
156534.8
156595.211
156595.8
156652.211
156652.8
156705.211
156705.8
156822.211
156822.8
156836.211
156836.8
156846.211
156846.8
156898.211
156898.8
157116.211
157116.8
157132.211
157132.8
157198.211
157198.8
157220.211
157220.8
157228.211
157228.8
157262.211
157262.8
157302.211
157302.8
157494.211
157494.8
157771.211
157771.8
157785.211
157785.8
157789.211
157789.8
157831.211
157831.8
157852.211
157852.8
157874.211
157874.8
157888.211
157888.8
157981.211
157981.8
158026.211
158026.8
158149.211
158149.8
158358.211
158358.8
158388.211
158388.8
158417.211
158417.8
158436.211
158436.8
158453.211
158453.8
158457.211
158457.8
158471.211
158471.8
158498.211
158498.8
158537.211
158537.8
158730.211
158730.8
158783.211
158783.8
158899.211
158899.8
158914.211
158914.8
158937.211
158937.8
159277.8
159278.212
159348.2
159348.4
159548.2
159591.5
159948.3
160423.8
160748.1
160790.8
160812.211
160812.8
160815.211
160815.8
160833.211
160833.8
161140.8
161141.212
161202.2
161202.4
161402.2
161432.5
161647.4
161649.5
161655.4
161699.5
161701.4
161706.5
161802.3
162074.4
162099.5
162602.1
162766.8
162797.211
162797.8
163233.8
163234.212
163241.8
163291.2
163291.4
163491.2
163530.5
163891.3
164691.1
165316.8
165320.211
165320.8
165385.211
165385.8
165398.211
165398.8
165779.8
165780.212
165836.2
165836.4
166036.2
166078.5
166162.4
166180.5
166183.4
166428.5
166436.3
167236.1
167598.8
167619.211
167619.8
167700.211
167700.8
167705.211
167705.8
168273.8
168274.212
168335.2
168335.4
168535.2
168575.5
168935.3
169463.8
169735.1
169862.8
169869.211
169869.8
169948.211
169948.8
170288.8
170289.212
170350.2
170350.4
170550.2
170591.5
170950.3
171750.1
172002.8
172362.8
172363.212
172413.2
172413.4
172613.2
172661.5
173013.3
173813.1
175138.8
175210.211
175210.8
175331.211
175331.8
175586.211
175586.8
175600.211
175600.8
175644.211
175644.8
176231.8
176232.212
176240.8
176289.2
176289.4
176489.2
176525.5
176711.4
176713.5
176716.4
176792.5
176889.3
177290.8
177689.1
177742.8
177755.211
177755.8
177775.211
177775.8
177901.211
177901.8
177928.211
177928.8
178065.211
178065.8
178076.211
178076.8
178353.211
178353.8
178376.211
178376.8
178426.211
178426.8
178925.8
178926.212
178988.2
178988.4
179188.2
179230.5
179400.4
179529.5
179588.3
179610.4
180000.9
123456789
4
10
17
4
10
17
0
0
0
6
14
59
18
15
32
18
6
2
1643
0
0
0
314159265
66
587
180
180000
314159265
0.1
126.8
173.211
173.8
232.211
232.8
509.211
509.8
853.8
854.212
939.2
939.4
1139.2
1213.5
1450.4
1461.5
1467.4
1514.5
1539.3
2005.8
2097.8
2339.1
2605.8
2623.211
2623.8
2698.211
2698.8
2782.211
2782.8
2787.211
2787.8
3041.211
3041.8
3048.211
3048.8
3068.211
3068.8
3137.211
3137.8
3151.211
3151.8
3461.8
3462.212
3520.2
3520.4
3720.2
3757.5
3881.4
3949.5
3978.4
4047.5
4120.3
4139.4
4208.5
4264.4
4336.5
4397.4
4475.5
4490.4
4618.5
4646.4
4727.5
4920.1
5078.8
5101.211
5101.8
5175.211
5175.8
5187.211
5187.8
5351.211
5351.8
5371.211
5371.8
5646.211
5646.8
5673.211
5673.8
6025.8
6026.212
6089.2
6089.4
6289.2
6321.5
6468.4
6564.5
6689.3
7023.8
7032.8
7489.1
7570.8
7681.211
7681.8
7690.211
7690.8
7736.211
7736.8
7921.211
7921.8
7998.211
7998.8
8045.211
8045.8
8077.211
8077.8
8228.211
8228.8
8536.8
8537.212
8608.2
8608.4
8808.2
8838.5
9208.3
10008.1
10399.8
10784.8
10785.212
10860.2
10860.4
11060.2
11094.5
11460.3
11639.4
11661.5
12260.1
12452.8
12456.211
12456.8
12527.211
12527.8
12804.211
12804.8
12820.211
12820.8
13107.211
13107.8
13114.211
13114.8
13888.8
13889.212
13948.2
13948.4
14148.2
14184.5
14548.3
14967.8
14986.8
15348.1
15403.8
15413.211
15413.8
15493.211
15493.8
15774.211
15774.8
15799.211
15799.8
15841.211
15841.8
16019.211
16019.8
16051.211
16051.8
16289.211
16289.8
16304.211
16304.8
16339.211
16339.8
16364.211
16364.8
16392.211
16392.8
16613.211
16613.8
16926.8
16927.212
16988.2
16988.4
17188.2
17221.5
17398.4
17518.5
17536.4
17588.3
17615.5
18388.1
18562.8
18828.211
18828.8
18852.211
18852.8
19086.211
19086.8
19214.211
19214.8
19305.211
19305.8
19377.211
19377.8
19752.8
19753.212
19806.2
19806.4
20006.2
20041.5
20179.4
20406.3
20408.5
20441.4
20516.5
21206.1
21578.8
21587.211
21587.8
21693.211
21693.8
21708.211
21708.8
22083.8
22084.212
22160.2
22160.4
22360.2
22385.5
22760.3
23055.8
23560.1
23717.8
23811.4
23814.5
23887.211
23887.8
24213.8
24214.212
24223.8
24279.2
24279.4
24479.2
24506.5
24708.4
24762.5
24784.4
24850.5
24879.3
25230.8
25248.8
25276.8
25679.1
25931.8
25948.211
25948.8
25979.211
25979.8
25989.211
25989.8
26247.211
26247.8
26261.211
26261.8
26315.211
26315.8
26361.211
26361.8
26448.211
26448.8
26463.211
26463.8
26628.211
26628.8
26639.211
26639.8
26667.211
26667.8
26956.211
26956.8
27010.211
27010.8
27032.211
27032.8
27357.8
27358.212
27410.2
27410.4
27610.2
27653.5
28010.3
28508.8
28810.1
28988.8
29087.4
29110.5
29113.4
29126.5
29293.8
29294.212
29355.2
29355.4
29555.2
29590.5
29870.4
29955.3
30010.5
30049.4
30111.5
30308.4
30410.5
30459.4
30481.5
30755.1
31600.8
31620.211
31620.8
31982.8
31983.212
32038.2
32038.4
32238.2
32283.5
32638.3
33438.1
33556.8
33579.211
33579.8
34052.8
34053.212
34109.2
34109.4
34309.2
34343.5
34557.4
34615.5
34645.4
34656.5
34675.4
34709.3
34744.5
35509.1
35742.8
36193.8
36194.212
36262.2
36262.4
36462.2
36493.5
36862.3
37194.8
37212.8
37596.8
37662.1
38087.8
38103.211
38103.8
38228.211
38228.8
38476.211
38476.8
38494.211
38494.8
38629.211
38629.8
39262.8
39263.212
39341.2
39341.4
39541.2
39573.5
39941.3
40573.8
40578.8
40593.8
40653.8
40741.1
40758.8
41025.211
41025.8
41040.211
41040.8
41104.211
41104.8
41325.211
41325.8
41346.211
41346.8
41458.211
41458.8
41882.8
41883.212
41947.2
41947.4
42147.2
42177.5
42311.4
42466.5
42495.4
42547.3
42667.5
42668.4
42719.5
42721.4
42815.5
42816.4
42862.5
42877.4
42885.5
42888.4
42889.5
43015.8
43347.1
43554.8
43569.211
43569.8
43668.211
43668.8
43681.211
43681.8
43767.211
43767.8
43976.211
43976.8
43992.211
43992.8
44036.211
44036.8
44143.211
44143.8
44483.8
44484.212
44553.2
44553.4
44753.2
44783.5
45153.3
45510.8
45724.8
45953.1
46021.8
46047.211
46047.8
46344.211
46344.8
46382.211
46382.8
46385.211
46385.8
46651.211
46651.8
46674.211
46674.8
46700.211
46700.8
47001.8
47002.212
47057.2
47057.4
47257.2
47296.5
47436.4
47487.5
47596.4
47651.5
47657.3
48352.8
48457.1
48821.8
48833.211
48833.8
49293.8
49294.212
49361.2
49361.4
49561.2
49595.5
49943.8
49961.3
50635.8
50654.8
50761.1
51247.8
51397.211
51397.8
51518.211
51518.8
51704.211
51704.8
51748.211
51748.8
51771.211
51771.8
51812.211
51812.8
51922.211
51922.8
51937.211
51937.8
52005.211
52005.8
52244.211
52244.8
52269.211
52269.8
52304.211
52304.8
52333.211
52333.8
52392.211
52392.8
52515.211
52515.8
52532.211
52532.8
52820.211
52820.8
52835.211
52835.8
52998.4
53003.5
53315.8
53316.212
53374.2
53374.4
53574.2
53614.5
53778.4
53890.5
53900.4
53974.3
54036.5
54069.4
54228.5
54697.8
54699.8
54712.8
54774.1
54876.8
54882.211
54882.8
54989.211
54989.8
55016.211
55016.8
55033.211
55033.8
55245.211
55245.8
55322.211
55322.8
55332.211
55332.8
55376.211
55376.8
55701.8
55702.212
55779.2
55779.4
55979.2
56013.5
56379.3
56513.4
56533.5
56535.4
56622.5
56745.4
56764.5
57179.1
57341.8
57363.211
57363.8
57491.211
57491.8
57578.211
57578.8
57598.211
57598.8
57771.211
57771.8
57796.211
57796.8
57889.211
57889.8
57898.211
57898.8
58279.8
58280.212
58347.2
58347.4
58547.2
58578.5
58759.4
58870.5
58947.3
59747.1
59849.8
59870.211
59870.8
59975.211
59975.8
60317.8
60318.212
60395.2
60395.4
60595.2
60622.5
60995.3
61005.4
61098.5
61795.1
62318.8
62330.211
62330.8
62336.211
62336.8
62346.211
62346.8
62430.211
62430.8
62747.8
62748.212
62814.2
62814.4
63014.2
63048.5
63414.3
64214.1
64783.8
64803.211
64803.8
65449.8
65450.212
65509.2
65509.4
65709.2
65744.5
65975.4
66004.5
66029.4
66088.5
66109.3
66909.1
67015.8
67024.211
67024.8
67071.211
67071.8
67078.211
67078.8
67143.211
67143.8
67149.211
67149.8
67152.211
67152.8
67242.211
67242.8
67553.8
67554.212
67558.8
67617.2
67617.4
67817.2
67850.5
68217.3
68365.8
68697.8
68701.8
69017.1
70906.8
70921.211
70921.8
70976.211
70976.8
70995.211
70995.8
71178.211
71178.8
71477.211
71477.8
71500.211
71500.8
71601.211
71601.8
71939.8
71940.212
72000.2
72000.4
72200.2
72238.5
72600.3
72909.8
72917.8
73390.8
73400.1
73415.8
73463.211
73463.8
73812.8
73813.212
73817.8
73870.2
73870.4
74070.2
74109.5
74470.3
75270.1
75283.8
75307.211
75307.8
75428.211
75428.8
75518.211
75518.8
76205.8
76206.212
76211.8
76269.2
76269.4
76469.2
76501.5
76869.3
77049.8
77267.8
77272.8
77291.8
77489.8
77669.1
77860.8
77873.211
77873.8
77890.211
77890.8
77936.211
77936.8
78022.211
78022.8
78035.211
78035.8
78562.8
78563.212
78638.2
78638.4
78838.2
78873.5
79144.4
79186.5
79189.4
79238.3
79238.5
79257.4
79318.5
79321.4
79554.5
79565.4
79737.5
79873.8
80011.8
80026.8
80038.1
80059.8
80269.211
80269.8
80296.211
80296.8
80427.211
80427.8
80618.211
80618.8
80635.211
80635.8
80666.211
80666.8
80792.211
80792.8
80803.211
80803.8
80988.211
80988.8
80996.211
80996.8
81296.211
81296.8
81313.211
81313.8
81357.211
81357.8
81530.211
81530.8
81870.8
81871.212
81931.2
81931.4
82131.2
82172.5
82531.3
82944.8
82965.8
83063.8
83075.8
83102.8
83331.1
83608.8
83622.211
83622.8
83893.211
83893.8
84306.8
84307.212
84313.8
84374.2
84374.4
84574.2
84599.5
84974.3
85774.1
87232.8
87268.211
87268.8
87406.211
87406.8
87483.211
87483.8
87692.211
87692.8
87702.211
87702.8
87719.211
87719.8
87731.211
87731.8
87951.211
87951.8
87999.211
87999.8
88104.211
88104.8
88490.8
88491.212
88556.2
88556.4
88756.2
88791.5
88879.4
88911.5
89156.3
89956.1
90321.8
90334.211
90334.8
90432.211
90432.8
90539.211
90539.8
90904.8
90905.212
90972.2
90972.4
91172.2
91209.5
91572.3
92177.4
92184.5
92197.4
92222.5
92234.4
92248.5
92256.4
92262.5
92267.4
92273.5
92291.4
92324.5
92342.4
92372.1
92384.5
92391.4
92393.5
92410.4
92417.5
92533.8
92553.211
92553.8
92643.211
92643.8
92647.211
92647.8
92703.211
92703.8
92715.211
92715.8
93020.8
93021.212
93032.8
93082.2
93082.4
93282.2
93321.5
93682.3
93771.4
93776.5
93796.4
93816.5
93821.4
93858.5
93862.4
93939.5
93942.4
93975.5
93979.4
94078.5
94081.4
94205.5
94228.4
94272.5
94284.4
94385.5
94469.4
94482.1
94567.5
94572.4
94588.5
94678.8
94793.4
94870.5
94874.4
94998.5
95011.4
95050.5
95143.8
95144.212
95153.8
95207.2
95207.4
95407.2
95439.5
95651.4
95722.5
95759.4
95807.3
95967.5
96123.4
96197.5
96205.4
96289.5
96607.1
99118.8
99179.211
99179.8
99265.211
99265.8
99446.211
99446.8
99454.211
99454.8
99470.211
99470.8
99751.211
99751.8
99767.211
99767.8
99870.211
99870.8
100007.211
100007.8
100040.211
100040.8
100400.8
100401.212
100471.2
100471.4
100671.2
100709.5
101071.3
101871.1
102163.8
102173.211
102173.8
102218.211
102218.8
102279.211
102279.8
102290.211
102290.8
102413.211
102413.8
102545.211
102545.8
102564.211
102564.8
102571.211
102571.8
102754.211
102754.8
102764.211
102764.8
102806.211
102806.8
102813.211
102813.8
103076.211
103076.8
103092.211
103092.8
103137.211
103137.8
103442.8
103443.212
103503.2
103503.4
103703.2
103741.5
103916.4
103985.5
103986.4
104070.5
104103.3
104823.8
104903.1
105320.8
105334.211
105334.8
105829.8
105830.212
105915.2
105915.4
106115.2
106158.5
106390.4
106420.5
106515.3
107315.1
107639.8
107652.211
107652.8
107770.4
107879.5
107952.211
107952.8
107957.211
107957.8
107977.211
107977.8
108272.211
108272.8
108288.211
108288.8
108318.211
108318.8
108499.211
108499.8
108508.211
108508.8
108528.211
108528.8
108561.211
108561.8
108581.211
108581.8
108662.211
108662.8
108961.211
108961.8
108971.211
108971.8
108986.211
108986.8
109380.8
109381.212
109442.2
109442.4
109642.2
109680.5
109892.4
109894.5
109904.4
109924.5
109926.4
110042.3
110051.5
110063.4
110091.5
110303.8
110842.1
111398.8
111429.211
111429.8
111571.211
111571.8
111689.211
111689.8
112128.8
112129.212
112185.2
112185.4
112385.2
112424.5
112598.4
112736.5
112785.3
112785.4
112859.5
112865.4
112897.5
113000.4
113022.5
113471.8
113509.8
113585.1
113849.8
113861.211
113861.8
113970.211
113970.8
114387.8
114388.212
114454.2
114454.4
114654.2
114695.5
114701.4
114705.5
115021.8
115054.3
115344.8
115854.1
115936.8
116656.8
116657.212
116739.2
116739.4
116939.2
116978.5
117030.4
117120.5
117339.3
118070.8
118080.8
118139.1
118697.8
118710.211
118710.8
118902.211
118902.8
119311.8
119312.212
119368.2
119368.4
119568.2
119609.5
119845.4
119894.5
119968.3
120446.8
120465.8
120479.8
120768.1
121279.8
121400.211
121400.8
121634.211
121634.8
121648.211
121648.8
121953.8
121954.212
122016.2
122016.4
122216.2
122252.5
122616.3
122918.8
123048.8
123218.8
123316.8
123400.8
123405.8
123416.1
123607.8
123618.211
123618.8
123872.211
123872.8
123882.211
123882.8
123900.211
123900.8
123903.211
123903.8
123987.211
123987.8
124028.211
124028.8
124457.8
124458.212
124527.2
124527.4
124727.2
124756.5
125127.3
125900.4
125910.5
125912.4
125927.1
126015.5
126094.8
126122.211
126122.8
126177.211
126177.8
126258.211
126258.8
126535.211
126535.8
126551.211
126551.8
126879.8
126880.212
126939.2
126939.4
127139.2
127178.5
127420.4
127539.3
127550.5
127563.4
127605.5
127609.4
127751.5
127827.4
127999.5
128140.4
128204.5
128212.4
128275.5
128339.1
128443.8
128535.211
128535.8
128746.211
128746.8
128766.211
128766.8
129066.211
129066.8
129087.211
129087.8
129372.211
129372.8
129389.211
129389.8
129790.8
129791.212
129862.2
129862.4
130062.2
130099.5
130462.3
130692.8
131262.1
131772.8
132163.8
132164.212
132233.2
132233.4
132433.2
132464.5
132833.3
133604.8
133633.1
133640.8
133805.211
133805.8
133821.211
133821.8
134096.211
134096.8
134108.211
134108.8
134128.211
134128.8
134212.211
134212.8
134225.211
134225.8
134289.211
134289.8
134298.211
134298.8
134666.8
134667.212
134723.2
134723.4
134923.2
134955.5
135323.3
136123.1
136278.8
136923.8
136924.212
136990.2
136990.4
137190.2
137222.5
137590.3
138050.8
138103.8
138261.8
138272.8
138390.1
138638.8
138653.211
138653.8
138673.211
138673.8
138789.211
138789.8
139765.8
139766.212
139831.2
139831.4
140031.2
140067.5
140431.3
140742.8
141231.1
141645.8
141658.211
141658.8
141821.211
141821.8
141975.211
141975.8
141983.211
141983.8
142015.211
142015.8
142167.211
142167.8
142174.211
142174.8
142362.211
142362.8
142374.211
142374.8
142399.211
142399.8
142691.211
142691.8
142705.211
142705.8
142724.211
142724.8
142757.211
142757.8
142802.211
142802.8
142862.211
142862.8
142928.211
142928.8
142979.211
142979.8
143104.211
143104.8
143428.8
143429.212
143487.2
143487.4
143687.2
143725.5
143906.4
143990.5
144087.3
144887.1
145339.8
145373.211
145373.8
145467.211
145467.8
145478.211
145478.8
145536.211
145536.8
145543.211
145543.8
145549.211
145549.8
145652.211
145652.8
145657.211
145657.8
146070.8
146071.212
146146.2
146146.4
146346.2
146384.5
146746.3
147546.1
147595.8
147642.211
147642.8
147781.211
147781.8
147794.211
147794.8
148063.211
148063.8
148068.211
148068.8
148085.211
148085.8
148254.211
148254.8
148582.8
148583.212
148590.8
148640.2
148640.4
148840.2
148872.5
149240.3
149501.8
149867.8
149878.8
150040.1
150281.8
150288.211
150288.8
150436.211
150436.8
150462.211
150462.8
150778.8
150779.212
150832.2
150832.4
151032.2
151070.5
151432.3
152232.1
154086.8
154117.211
154117.8
154531.8
154532.212
154591.2
154591.4
154791.2
154824.5
155001.4
155191.3
155278.5
155279.4
155332.5
155336.4
155373.5
155401.4
155423.5
155991.1
156215.8
156232.211
156232.8
156711.8
156712.212
156775.2
156775.4
156975.2
157007.5
157375.3
157922.8
157942.8
158175.1
158488.8
158599.211
158599.8
159117.8
159118.212
159179.2
159179.4
159379.2
159399.5
159779.3
160003.8
160017.8
160320.8
160355.8
160386.8
160579.1
160833.8
160841.211
160841.8
161263.8
161264.212
161329.2
161329.4
161529.2
161568.5
161929.3
162729.1
164628.8
164640.211
164640.8
164666.211
164666.8
164755.211
164755.8
164780.211
164780.8
165038.211
165038.8
165053.211
165053.8
165093.211
165093.8
165159.211
165159.8
165289.211
165289.8
165302.211
165302.8
165312.211
165312.8
165640.8
165641.212
165711.2
165711.4
165714.5
165726.4
165911.2
165948.5
166085.4
166112.5
166311.3
167111.1
167308.8
167313.211
167313.8
167350.211
167350.8
167624.211
167624.8
167634.211
167634.8
167680.211
167680.8
167872.211
167872.8
167884.211
167884.8
168104.4
168318.5
168458.4
168727.5
169503.8
169504.212
169565.2
169565.4
169765.2
169922.5
170165.3
170965.1
171478.8
171617.211
171617.8
171802.4
171887.5
172360.8
172361.212
172364.8
172413.2
172413.4
172613.2
172761.5
173013.3
173813.1
174422.8
174449.211
174449.8
174687.4
175102.5
175615.8
175616.212
175675.2
175675.4
175875.2
176002.5
176275.3
177075.1
177209.8
177217.211
177217.8
177220.211
177220.8
177255.211
177255.8
177419.211
177419.8
177551.211
177551.8
177565.211
177565.8
177708.211
177708.8
177713.211
177713.8
177717.211
177717.8
177761.211
177761.8
178040.211
178040.8
178055.211
178055.8
178099.211
178099.8
178325.211
178325.8
178334.211
178334.8
178493.211
178493.8
178501.211
178501.8
178740.211
178740.8
178743.211
178743.8
178754.211
178754.8
178759.211
178759.8
178932.211
178932.8
178946.211
178946.8
179460.8
179461.212
179524.2
179524.4
179724.2
180000.9
123456789
