4
07
17
4
07
17
0
0
0
8
15
09
17
15
42
17
6
2
1809
0
0
0
314159265
67
663
214
180000
314159265
0.1
309.8
325.211
325.8
330.211
330.8
380.4
450.5
506.211
506.8
560.4
621.5
672.211
672.8
722.4
782.5
834.211
834.8
855.211
855.8
875.211
875.8
920.4
969.5
1018.211
1018.8
1079.4
1124.5
1174.211
1174.8
1244.4
1308.5
1368.211
1368.8
1395.211
1395.8
1400.211
1400.8
1464.4
1473.5
1526.211
1526.8
1595.211
1595.8
1615.211
1615.8
1763.211
1763.8
1774.211
1774.8
1898.211
1898.8
1952.211
1952.8
1984.211
1984.8
2265.211
2265.8
2280.211
2280.8
2289.211
2289.8
2395.211
2395.8
2414.211
2414.8
2463.211
2463.8
2595.211
2595.8
2914.8
2920.8
3028.2
3028.4
3228.3
3271.5
3319.4
3612.5
3683.4
3692.5
4028.1
4158.4
4174.5
4223.8
4319.211
4319.8
4329.211
4329.8
4436.211
4436.8
4464.211
4464.8
4591.211
4591.8
4633.211
4633.8
4656.211
4656.8
4817.211
4817.8
4831.211
4831.8
4890.4
4897.5
4948.211
4948.8
5001.4
5018.5
5064.211
5064.8
5106.211
5106.8
5197.4
5226.5
5272.211
5272.8
5308.211
5308.8
5598.211
5598.8
5683.211
5683.8
5730.211
5730.8
5854.211
5854.8
5907.211
5907.8
5929.211
5929.8
6011.211
6011.8
6015.211
6015.8
6031.211
6031.8
6249.211
6249.8
6289.211
6289.8
6379.211
6379.8
6467.211
6467.8
6474.211
6474.8
6481.211
6481.8
6561.211
6561.8
6636.211
6636.8
6650.211
6650.8
6714.4
6725.5
6773.211
6773.8
6818.211
6818.8
6914.211
6914.8
6925.211
6925.8
7121.211
7121.8
7495.8
7553.2
7553.4
7753.3
7793.5
7816.4
8136.5
8553.1
8962.8
8964.211
8964.8
8970.211
8970.8
9062.211
9062.8
9374.8
9428.2
9428.4
9628.3
9661.5
9774.4
9951.5
10428.1
10456.8
10466.211
10466.8
10474.211
10474.8
10487.211
10487.8
10563.211
10563.8
10580.211
10580.8
10747.211
10747.8
10750.211
10750.8
10828.211
10828.8
10843.211
10843.8
10953.4
10963.5
11110.211
11110.8
11139.211
11139.8
11428.211
11428.8
11455.211
11455.8
11647.211
11647.8
11691.211
11691.8
11818.211
11818.8
11967.211
11967.8
11987.211
11987.8
11997.211
11997.8
12062.4
12087.5
12246.211
12246.8
12285.211
12285.8
12400.211
12400.8
12784.8
12842.2
12842.4
13042.3
13075.5
13182.4
13291.5
13842.1
13886.8
13891.211
13891.8
13992.211
13992.8
14315.8
14403.2
14403.4
14603.3
14637.5
14723.4
14852.5
15403.1
15416.8
15440.211
15440.8
15550.211
15550.8
15589.211
15589.8
15605.211
15605.8
15610.211
15610.8
15717.211
15717.8
15734.211
15734.8
15833.4
15849.5
15895.211
15895.8
15928.211
15928.8
16034.211
16034.8
16049.211
16049.8
16071.211
16071.8
16089.211
16089.8
16355.211
16355.8
16365.211
16365.8
16370.211
16370.8
16385.211
16385.8
16448.4
16457.5
16508.211
16508.8
16525.211
16525.8
16633.211
16633.8
16854.211
16854.8
16953.4
16954.5
17000.211
17000.8
17078.211
17078.8
17161.211
17161.8
17178.211
17178.8
17446.211
17446.8
17450.211
17450.8
17640.211
17640.8
17718.211
17718.8
18046.8
18099.2
18099.4
18299.3
18331.5
18439.4
18557.5
19099.1
19243.8
19301.211
19301.8
19377.211
19377.8
19385.211
19385.8
19495.211
19495.8
19770.211
19770.8
19804.211
19804.8
19840.211
19840.8
19931.211
19931.8
19958.211
19958.8
20096.4
20132.5
20422.8
20454.8
20494.2
20494.4
20694.3
20723.5
20815.4
20985.5
21494.1
21704.8
21722.211
21722.8
21808.211
21808.8
21871.211
21871.8
21901.211
21901.8
21904.211
21904.8
21961.211
21961.8
21976.211
21976.8
21982.211
21982.8
22294.8
22349.2
22349.4
22549.3
22578.5
22712.4
22839.5
23349.1
23450.8
23454.211
23454.8
23551.211
23551.8
23803.211
23803.8
23815.211
23815.8
23919.211
23919.8
23926.211
23926.8
23932.211
23932.8
24121.211
24121.8
24177.211
24177.8
24258.211
24258.8
24277.211
24277.8
24681.8
24752.2
24752.4
24952.3
24987.5
25089.4
25100.5
25102.4
25105.5
25108.4
25262.5
25581.8
25752.1
25937.8
25998.211
25998.8
26005.211
26005.8
26128.211
26128.8
26186.4
26216.5
26270.211
26270.8
26296.211
26296.8
26344.4
26388.5
26435.211
26435.8
26451.211
26451.8
26475.211
26475.8
26779.8
26827.2
26827.4
27027.3
27060.5
27169.4
27269.5
27654.8
27827.1
27849.8
28274.8
28323.2
28323.4
28523.3
28555.5
28659.4
28791.5
29323.1
29351.8
29372.211
29372.8
29435.4
29456.5
29701.8
29753.2
29753.4
29953.3
29994.5
30102.4
30279.5
30753.1
30921.8
31003.211
31003.8
31021.211
31021.8
31048.211
31048.8
31059.211
31059.8
31136.211
31136.8
31264.211
31264.8
31353.211
31353.8
31362.211
31362.8
31375.211
31375.8
31762.4
31822.5
31903.8
31955.2
31955.4
32155.3
32188.5
32372.4
32511.5
32955.1
33064.8
33073.211
33073.8
33080.211
33080.8
33177.211
33177.8
33312.211
33312.8
33338.211
33338.8
33341.211
33341.8
33541.211
33541.8
33552.211
33552.8
33565.211
33565.8
33644.211
33644.8
33676.211
33676.8
33773.211
33773.8
33790.211
33790.8
34036.211
34036.8
34044.211
34044.8
34062.211
34062.8
34073.211
34073.8
34140.4
34144.5
34194.211
34194.8
34206.211
34206.8
34229.211
34229.8
34330.211
34330.8
34537.4
34562.5
34633.8
34696.2
34696.4
34896.3
34931.5
35049.4
35203.5
35472.8
35696.1
35724.8
35766.211
35766.8
35848.211
35848.8
35892.211
35892.8
35925.211
35925.8
35999.211
35999.8
36014.211
36014.8
36063.211
36063.8
36083.211
36083.8
36170.211
36170.8
36184.211
36184.8
36238.211
36238.8
36546.8
36583.8
36638.2
36638.4
36838.3
36866.5
36998.4
37014.5
37017.4
37124.5
37638.1
38168.8
38204.211
38204.8
38328.211
38328.8
38342.211
38342.8
38361.211
38361.8
38451.211
38451.8
38507.211
38507.8
38527.211
38527.8
38606.211
38606.8
38746.211
38746.8
38999.211
38999.8
39014.211
39014.8
39291.211
39291.8
39295.211
39295.8
39530.211
39530.8
39570.211
39570.8
39619.4
39634.5
39682.211
39682.8
39716.211
39716.8
39794.211
39794.8
40205.8
40257.2
40257.4
40457.3
40490.5
40641.4
40756.5
41119.4
41132.5
41257.1
41285.8
41464.211
41464.8
41540.4
41559.5
41796.8
41800.8
41856.2
41856.4
42056.3
42088.5
42261.4
42395.5
42522.4
42561.5
42856.1
43611.8
43969.8
44024.2
44024.4
44224.3
44256.5
44432.4
44545.5
45024.1
45397.8
45415.211
45415.8
45509.211
45509.8
45641.211
45641.8
45734.211
45734.8
45771.211
45771.8
45875.211
45875.8
46174.211
46174.8
46198.211
46198.8
46328.4
46348.5
46576.8
46581.8
46627.2
46627.4
46827.3
46867.5
46989.4
47108.5
47627.1
47783.8
47790.211
47790.8
48057.211
48057.8
48070.211
48070.8
48197.211
48197.8
48290.211
48290.8
48307.211
48307.8
48417.211
48417.8
48424.211
48424.8
48430.211
48430.8
48459.211
48459.8
48744.211
48744.8
48776.211
48776.8
48927.4
48929.5
49109.4
49128.5
49207.8
49212.8
49285.2
49285.4
49485.3
49519.5
49617.4
49794.5
50285.1
50420.8
50426.211
50426.8
50509.211
50509.8
50580.211
50580.8
50916.8
50965.2
50965.4
51165.3
51200.5
51285.4
51413.5
51965.1
52172.8
52459.211
52459.8
52484.211
52484.8
52835.8
52901.2
52901.4
53101.3
53140.5
53233.4
53382.5
53542.4
53549.5
53550.4
53694.5
53901.1
54036.8
54116.211
54116.8
54390.211
54390.8
54400.211
54400.8
54458.4
54469.5
54695.211
54695.8
54728.211
54728.8
54838.211
54838.8
54941.211
54941.8
54964.211
54964.8
55189.211
55189.8
55215.211
55215.8
55349.211
55349.8
55382.211
55382.8
55671.4
55679.5
55693.4
55704.5
55768.8
55833.8
55888.2
55888.4
56088.3
56125.5
56249.4
56365.5
56888.1
57071.8
57081.211
57081.8
57121.211
57121.8
57342.211
57342.8
57373.211
57373.8
57427.4
57454.5
57529.211
57529.8
57609.4
57649.5
57707.4
57791.5
57898.8
57943.2
57943.4
58143.3
58179.5
58324.4
58487.5
58943.1
59107.8
59120.211
59120.8
59232.211
59232.8
59457.211
59457.8
59642.211
59642.8
59699.4
59717.5
59775.211
59775.8
60034.211
60034.8
60052.211
60052.8
60066.211
60066.8
60085.211
60085.8
60228.211
60228.8
60385.211
60385.8
60740.4
60786.5
60857.8
60913.2
60913.4
61113.3
61136.5
61233.4
61377.5
61913.1
62018.8
62047.211
62047.8
62108.211
62108.8
62187.211
62187.8
62281.211
62281.8
62570.211
62570.8
62654.211
62654.8
62708.211
62708.8
62898.211
62898.8
62904.211
62904.8
62912.211
62912.8
62966.4
62992.5
63096.4
63157.5
63210.211
63210.8
63272.211
63272.8
63399.211
63399.8
63614.211
63614.8
63619.211
63619.8
63636.211
63636.8
63648.211
63648.8
63919.211
63919.8
63953.211
63953.8
63982.211
63982.8
64106.211
64106.8
64128.211
64128.8
64361.211
64361.8
64393.211
64393.8
64680.211
64680.8
64774.4
64823.5
64889.211
64889.8
64915.211
64915.8
65161.4
65167.5
65235.8
65294.2
65294.4
65494.3
65531.5
65623.4
65783.5
66093.4
66099.5
66145.4
66153.5
66294.1
66324.8
66357.211
66357.8
66411.211
66411.8
66445.211
66445.8
66485.211
66485.8
66509.211
66509.8
66624.211
66624.8
66703.211
66703.8
66954.211
66954.8
66992.211
66992.8
67230.211
67230.8
67255.211
67255.8
67331.211
67331.8
67359.211
67359.8
68024.8
68076.2
68076.4
68276.3
68309.5
68445.4
68554.5
69076.1
69115.8
69147.211
69147.8
69157.211
69157.8
69192.211
69192.8
69202.211
69202.8
69444.211
69444.8
69676.211
69676.8
69689.211
69689.8
69829.211
69829.8
69962.4
69969.5
69970.4
69977.5
70191.8
70241.2
70241.4
70441.3
70473.5
70585.4
70733.5
71241.1
71519.8
71527.211
71527.8
71534.211
71534.8
71665.211
71665.8
71770.211
71770.8
72110.8
72163.2
72163.4
72363.3
72393.5
72573.4
72681.5
72693.4
72818.5
73163.1
73295.8
73330.211
73330.8
73461.211
73461.8
73552.4
73575.5
73728.211
73728.8
73791.4
73822.5
74217.8
74277.2
74277.4
74477.3
74508.5
74608.4
74791.5
75277.1
75330.8
75363.211
75363.8
75409.211
75409.8
75509.211
75509.8
75536.211
75536.8
75659.211
75659.8
75744.211
75744.8
76022.211
76022.8
77913.8
77973.2
77973.4
77974.5
77977.4
78173.3
78201.5
78597.4
78726.5
78973.1
79258.8
79424.211
79424.8
79430.211
79430.8
79632.211
79632.8
79647.211
79647.8
79662.211
79662.8
79791.211
79791.8
79797.211
79797.8
79801.211
79801.8
79940.211
79940.8
79961.211
79961.8
80307.8
80377.2
80377.4
80577.3
80614.5
80758.4
80885.5
81377.1
81423.8
81440.211
81440.8
81506.211
81506.8
81550.211
81550.8
81637.211
81637.8
81731.211
81731.8
81811.211
81811.8
81835.211
81835.8
82093.211
82093.8
82103.211
82103.8
82115.211
82115.8
82404.211
82404.8
82425.211
82425.8
82492.211
82492.8
82533.211
82533.8
82868.8
82924.2
82924.4
83124.3
83156.5
83306.4
83408.5
83924.1
84437.8
84494.211
84494.8
84625.211
84625.8
84791.211
84791.8
84803.211
84803.8
84810.211
84810.8
84822.211
84822.8
84920.211
84920.8
85014.211
85014.8
85094.211
85094.8
85194.211
85194.8
85507.8
85561.2
85561.4
85761.3
85798.5
85906.4
85996.5
86561.1
86754.8
86784.211
86784.8
87180.8
87257.2
87257.4
87457.3
87491.5
87647.4
87657.5
87663.4
87763.5
88257.1
88486.8
88601.211
88601.8
88613.211
88613.8
89130.8
89186.2
89186.4
89386.3
89411.5
89514.4
89686.5
90113.4
90186.1
90249.5
90468.8
90491.211
90491.8
90506.211
90506.8
90625.211
90625.8
90675.211
90675.8
90787.211
90787.8
91195.8
91260.2
91260.4
91460.3
91496.5
91621.4
91739.5
92260.1
92437.8
92738.8
92790.2
92790.4
92990.3
93023.5
93120.4
93237.5
93790.1
93971.8
93981.211
93981.8
93989.211
93989.8
93993.211
93993.8
94132.211
94132.8
94158.211
94158.8
94254.211
94254.8
94409.211
94409.8
94420.211
94420.8
94426.211
94426.8
94618.211
94618.8
94734.211
94734.8
94969.211
94969.8
94985.211
94985.8
95005.211
95005.8
95104.211
95104.8
95236.211
95236.8
95834.8
95885.2
95885.4
96085.3
96116.5
96211.4
96285.5
96885.1
96975.8
96998.211
96998.8
97573.8
97629.2
97629.4
97829.3
97858.5
98058.4
98136.5
98629.1
99024.8
99180.211
99180.8
99202.211
99202.8
99232.211
99232.8
99329.211
99329.8
99428.211
99428.8
99772.8
99829.2
99829.4
100029.3
100061.5
100179.4
100285.5
100829.1
101187.8
101414.211
101414.8
101438.211
101438.8
101464.211
101464.8
101838.8
101892.2
101892.4
102092.3
102121.5
102307.4
102322.5
102326.4
102404.5
102892.1
103445.8
103538.211
103538.8
103580.211
103580.8
103655.211
103655.8
103709.211
103709.8
104101.8
104151.2
104151.4
104351.3
104387.5
104473.4
104598.5
105151.1
105266.8
105406.211
105406.8
105645.4
105667.5
105735.8
105802.2
105802.4
106002.3
106034.5
106247.4
106256.5
106287.4
106392.5
106802.1
106972.8
106992.211
106992.8
107102.211
107102.8
107128.211
107128.8
107146.211
107146.8
107273.211
107273.8
107451.211
107451.8
107466.211
107466.8
107560.211
107560.8
107609.211
107609.8
107687.211
107687.8
107909.211
107909.8
107986.211
107986.8
108157.211
108157.8
108338.211
108338.8
108761.8
108821.2
108821.4
109021.3
109057.5
109352.4
109366.5
109371.4
109375.5
109383.4
109457.5
109821.1
112030.4
112055.5
112066.4
112100.5
112182.8
112207.211
112207.8
112309.211
112309.8
112406.211
112406.8
112810.8
112816.8
112865.2
112865.4
113065.3
113094.5
113429.4
113547.5
113865.1
114193.8
114599.8
114656.2
114656.4
114856.3
114883.5
115292.4
115423.5
115656.1
116070.8
116389.8
116442.2
116442.4
116642.3
116676.5
116909.4
117013.5
117442.1
118285.8
118503.211
118503.8
118525.211
118525.8
118530.211
118530.8
118544.211
118544.8
118695.211
118695.8
118707.211
118707.8
118711.211
118711.8
119012.8
119066.2
119066.4
119266.3
119301.5
119467.4
119533.5
120066.1
120339.8
120349.211
120349.8
120718.8
120723.8
120775.2
120775.4
120975.3
121008.5
121223.4
121325.5
121775.1
122358.8
122371.211
122371.8
122809.8
122876.2
122876.4
123076.3
123113.5
123297.4
123415.5
123876.1
124421.8
124453.211
124453.8
124603.211
124603.8
124606.211
124606.8
124659.211
124659.8
124993.8
125042.2
125042.4
125242.3
125276.5
125455.4
125525.5
126042.1
126782.8
126796.211
126796.8
126814.211
126814.8
126930.211
126930.8
127252.8
127258.8
127305.2
127305.4
127505.3
127541.5
127649.4
127726.5
128305.1
128634.8
128747.211
128747.8
128755.211
128755.8
128835.211
128835.8
129178.8
129228.2
129228.4
129428.3
129460.5
129714.4
129792.5
130228.1
130776.8
130790.211
130790.8
130803.211
130803.8
131085.211
131085.8
131106.211
131106.8
131119.211
131119.8
131123.211
131123.8
131356.211
131356.8
131365.211
131365.8
131373.211
131373.8
131378.211
131378.8
131384.211
131384.8
131567.211
131567.8
131581.211
131581.8
131585.211
131585.8
131592.211
131592.8
131676.211
131676.8
132038.8
132090.2
132090.4
132290.3
132319.5
132618.4
132711.5
133090.1
134619.8
134635.211
134635.8
134641.211
134641.8
134761.211
134761.8
135069.8
135128.2
135128.4
135328.3
135360.5
135810.4
135900.5
136128.1
139727.8
139733.211
139733.8
139990.211
139990.8
140014.211
140014.8
140022.211
140022.8
140048.211
140048.8
140612.8
140665.2
140665.4
140865.3
140891.5
141198.4
141282.5
141284.4
141287.5
141665.1
142242.8
142294.211
142294.8
142509.211
142509.8
142532.211
142532.8
142581.211
142581.8
142583.211
142583.8
143565.8
143623.2
143623.4
143823.3
143854.5
144118.4
144194.5
144623.1
147095.8
147105.211
147105.8
147125.211
147125.8
147255.211
147255.8
151227.4
151243.5
151248.4
151371.5
151704.4
151708.5
151814.8
151862.2
151862.4
152062.3
152094.5
152286.4
152419.5
152862.1
153035.8
153964.8
154013.2
154013.4
154213.3
154246.5
154503.4
154505.5
154517.4
154522.5
154532.4
154640.5
155013.1
155521.4
155588.5
155723.8
155739.211
155739.8
156044.8
156101.2
156101.4
156301.3
156334.5
156648.4
156720.5
157101.1
158240.8
160403.8
160456.2
160456.4
160656.3
160688.5
160928.4
160944.5
160950.4
161033.5
161456.1
162400.8
162495.211
162495.8
162733.211
162733.8
162764.211
162764.8
162823.211
162823.8
162829.211
162829.8
162831.211
162831.8
162845.211
162845.8
162869.211
162869.8
163234.8
163238.8
163281.2
163281.4
163481.3
163524.5
163820.4
163834.5
163840.4
163932.5
164281.1
165083.8
165087.211
165087.8
165093.211
165093.8
165132.211
165132.8
165429.211
165429.8
165551.211
165551.8
165749.211
165749.8
165767.211
165767.8
165793.211
165793.8
165798.211
165798.8
165805.211
165805.8
166053.211
166053.8
166068.211
166068.8
166099.211
166099.8
166329.211
166329.8
166338.211
166338.8
166343.211
166343.8
166353.211
166353.8
166359.211
166359.8
166372.211
166372.8
166443.211
166443.8
166544.211
166544.8
166830.211
166830.8
167113.211
167113.8
167117.211
167117.8
167171.4
167278.5
167578.8
167583.8
167629.2
167629.4
167829.3
167864.5
168026.4
168140.5
168629.1
169130.8
169134.211
169134.8
169137.211
169137.8
170091.8
170141.2
170141.4
170341.3
170379.5
170637.4
170749.5
170953.4
170982.5
171141.1
171517.8
171545.211
171545.8
171746.211
171746.8
173446.8
173502.2
173502.4
173702.3
173737.5
173944.4
173952.5
173953.4
173956.5
174020.4
174085.5
174390.4
174425.5
174502.1
174584.8
174614.211
174614.8
174628.211
174628.8
174903.211
174903.8
174912.211
174912.8
174942.211
174942.8
178215.8
178270.2
178270.4
178470.3
178506.5
178672.4
178745.5
180000.9
123456789
4
08
17
4
08
17
0
0
0
8
15
05
07
15
38
07
6
2
2013
0
0
0
314159265
61
713
214
180000
314159265
0.1
120.8
177.4
179.5
186.4
214.5
262.211
262.8
285.211
285.8
388.211
388.8
470.211
470.8
611.211
611.8
868.211
868.8
890.211
890.8
1228.8
1229.212
1281.2
1281.4
1481.2
1525.5
1562.4
1833.5
1881.3
1884.4
1956.5
1974.4
1978.5
2681.1
2817.8
2828.211
2828.8
2846.211
2846.8
2935.211
2935.8
2988.211
2988.8
3062.211
3062.8
3304.211
3304.8
3316.211
3316.8
3323.211
3323.8
3368.211
3368.8
3450.211
3450.8
3532.211
3532.8
3716.211
3716.8
3875.211
3875.8
3895.211
3895.8
3911.211
3911.8
3965.211
3965.8
4050.211
4050.8
4258.211
4258.8
4271.211
4271.8
4283.211
4283.8
4304.211
4304.8
4514.211
4514.8
4521.211
4521.8
4527.211
4527.8
4550.211
4550.8
4573.211
4573.8
4616.211
4616.8
4862.211
4862.8
4931.211
4931.8
5141.211
5141.8
5195.211
5195.8
5447.211
5447.8
5468.211
5468.8
5541.211
5541.8
5605.211
5605.8
5884.211
5884.8
5905.211
5905.8
5939.211
5939.8
6012.211
6012.8
6257.211
6257.8
6294.211
6294.8
6318.211
6318.8
6347.211
6347.8
6374.211
6374.8
6431.211
6431.8
6500.211
6500.8
6549.211
6549.8
7020.8
7021.212
7026.8
7073.2
7073.4
7273.2
7319.5
7330.4
7334.5
7345.4
7552.5
7582.4
7609.5
7620.4
7673.3
7688.5
7951.4
7961.5
8473.1
8611.8
8615.211
8615.8
8636.211
8636.8
8685.211
8685.8
8704.211
8704.8
9070.8
9071.212
9120.2
9120.4
9320.2
9356.5
9470.4
9720.3
9744.5
10480.8
10520.1
10561.8
10586.211
10586.8
10595.211
10595.8
10703.211
10703.8
10893.211
10893.8
10933.211
10933.8
11178.211
11178.8
11210.211
11210.8
11255.211
11255.8
11459.211
11459.8
11478.211
11478.8
11496.211
11496.8
11507.211
11507.8
11530.211
11530.8
11584.211
11584.8
11666.211
11666.8
11900.211
11900.8
11928.211
11928.8
11949.211
11949.8
12027.211
12027.8
12090.211
12090.8
12302.211
12302.8
12345.211
12345.8
12688.8
12689.212
12736.2
12736.4
12936.2
12973.5
13094.4
13278.5
13336.3
13526.4
13542.5
14136.1
14148.8
14177.211
14177.8
14184.211
14184.8
14233.211
14233.8
14297.211
14297.8
14406.211
14406.8
14632.211
14632.8
14679.211
14679.8
14754.211
14754.8
15022.211
15022.8
15086.211
15086.8
15328.211
15328.8
15347.211
15347.8
15373.211
15373.8
15387.211
15387.8
15696.8
15697.212
15747.2
15747.4
15947.2
15984.5
16098.4
16298.5
16309.4
16347.3
16525.5
16776.4
16785.5
17147.1
17182.8
17211.211
17211.8
17310.211
17310.8
17545.211
17545.8
17587.211
17587.8
17846.211
17846.8
17876.211
17876.8
17923.211
17923.8
18238.8
18239.212
18292.2
18292.4
18492.2
18531.5
18635.4
18864.5
18892.3
19692.1
19815.8
19991.211
19991.8
19999.211
19999.8
20007.211
20007.8
20018.211
20018.8
20067.211
20067.8
20290.211
20290.8
20294.211
20294.8
20304.211
20304.8
20345.211
20345.8
20434.211
20434.8
20641.211
20641.8
20653.211
20653.8
20664.211
20664.8
20709.211
20709.8
20806.211
20806.8
21040.211
21040.8
21069.211
21069.8
21141.211
21141.8
21539.4
21544.5
21629.8
21630.212
21681.2
21681.4
21881.2
21926.5
22008.4
22239.5
22281.3
23081.1
23140.8
23147.211
23147.8
23171.211
23171.8
23465.211
23465.8
23489.211
23489.8
23726.211
23726.8
23765.211
23765.8
23824.211
23824.8
23986.211
23986.8
23997.211
23997.8
24014.211
24014.8
24261.211
24261.8
24266.211
24266.8
24553.211
24553.8
24567.211
24567.8
24592.211
24592.8
24634.211
24634.8
24890.211
24890.8
24939.211
24939.8
25255.8
25256.212
25302.2
25302.4
25502.2
25535.5
25637.4
25797.5
25902.3
26159.4
26162.5
26333.4
26335.5
26336.4
26340.5
26342.4
26416.5
26419.4
26422.5
26702.1
27007.8
27017.211
27017.8
27279.211
27279.8
27300.211
27300.8
27337.211
27337.8
27667.8
27668.212
27713.2
27713.4
27913.2
27945.5
28116.4
28295.5
28313.3
29113.1
29146.8
29411.211
29411.8
29488.211
29488.8
29577.211
29577.8
29788.211
29788.8
29799.211
29799.8
29814.211
29814.8
30032.211
30032.8
30056.211
30056.8
30081.211
30081.8
30112.211
30112.8
30371.211
30371.8
30395.211
30395.8
30401.211
30401.8
30424.211
30424.8
30467.211
30467.8
30891.8
30892.212
30946.2
30946.4
31146.2
31179.5
31282.4
31452.5
31546.3
32346.1
32819.8
32916.211
32916.8
32975.211
32975.8
33176.211
33176.8
33198.211
33198.8
33229.211
33229.8
33266.211
33266.8
33305.211
33305.8
33404.211
33404.8
33640.211
33640.8
33703.211
33703.8
33812.211
33812.8
33859.211
33859.8
34006.211
34006.8
34081.211
34081.8
34135.211
34135.8
34467.8
34468.212
34523.2
34523.4
34723.2
34754.5
34879.4
35031.5
35123.3
35923.1
35953.8
35975.211
35975.8
36107.211
36107.8
36115.211
36115.8
36141.211
36141.8
36158.211
36158.8
36364.211
36364.8
36387.211
36387.8
36436.211
36436.8
36705.211
36705.8
36722.211
36722.8
36770.211
36770.8
37168.8
37169.212
37221.2
37221.4
37421.2
37459.5
37614.4
37775.5
37821.3
38209.4
38222.5
38274.8
38567.4
38580.5
38621.1
38813.8
38816.211
38816.8
38826.211
38826.8
38886.211
38886.8
38950.211
38950.8
39186.211
39186.8
39198.211
39198.8
39223.211
39223.8
39240.211
39240.8
39539.211
39539.8
39582.211
39582.8
39708.4
39719.5
39774.211
39774.8
39794.211
39794.8
39801.211
39801.8
39844.211
39844.8
39922.211
39922.8
40260.8
40261.212
40318.2
40318.4
40518.2
40554.5
40656.4
40806.5
40858.4
40866.5
40918.3
40928.4
40932.5
41718.1
42022.8
42044.211
42044.8
42234.211
42234.8
42260.211
42260.8
42560.211
42560.8
42658.211
42658.8
42886.211
42886.8
42912.211
42912.8
43238.8
43239.212
43285.2
43285.4
43485.2
43519.5
43636.4
43789.5
43885.3
43981.4
43993.5
44016.4
44106.5
44420.4
44428.5
44685.1
44827.8
44836.211
44836.8
45024.211
45024.8
45121.211
45121.8
45407.211
45407.8
45442.211
45442.8
45497.211
45497.8
45546.211
45546.8
45867.8
45868.212
45927.2
45927.4
46127.2
46160.5
46272.4
46439.5
46527.3
47327.1
47358.8
47388.211
47388.8
47435.211
47435.8
47461.211
47461.8
47521.211
47521.8
47676.211
47676.8
47684.211
47684.8
48048.8
48049.212
48101.2
48101.4
48301.2
48333.5
48445.4
48523.5
48611.4
48701.3
48770.5
49238.8
49240.8
49263.8
49501.1
49718.8
49733.211
49733.8
49741.211
49741.8
49763.211
49763.8
49817.211
49817.8
49936.211
49936.8
50014.211
50014.8
50294.211
50294.8
50321.211
50321.8
50403.211
50403.8
50613.211
50613.8
50882.211
50882.8
50914.211
50914.8
51101.211
51101.8
51238.211
51238.8
51473.211
51473.8
51499.211
51499.8
51575.211
51575.8
51670.211
51670.8
52015.4
52022.5
52117.8
52118.212
52170.2
52170.4
52370.2
52406.5
52560.4
52743.5
52770.3
53570.1
54096.8
54133.211
54133.8
54175.211
54175.8
54413.211
54413.8
54430.211
54430.8
54446.211
54446.8
54991.8
54992.212
55040.2
55040.4
55240.2
55275.5
55436.4
55569.5
55640.3
56241.8
56275.8
56439.4
56440.1
56472.5
56783.8
56811.211
56811.8
56964.211
56964.8
57330.8
57331.212
57379.2
57379.4
57579.2
57608.5
57754.4
57914.5
57979.3
58779.1
59051.8
59097.211
59097.8
59298.211
59298.8
59320.211
59320.8
59355.211
59355.8
59726.8
59727.212
59777.2
59777.4
59977.2
60011.5
60183.4
60330.5
60351.4
60377.3
60404.5
61177.1
61717.8
61721.211
61721.8
61932.211
61932.8
61945.211
61945.8
61981.211
61981.8
62271.211
62271.8
62278.211
62278.8
62313.211
62313.8
62352.211
62352.8
62427.211
62427.8
62633.211
62633.8
62668.211
62668.8
62691.211
62691.8
63037.8
63038.212
63082.2
63082.4
63282.2
63314.5
63593.4
63682.3
63721.5
64300.8
64436.8
64482.1
64648.8
64697.211
64697.8
64964.211
64964.8
64991.211
64991.8
65045.211
65045.8
65242.211
65242.8
65257.211
65257.8
65283.211
65283.8
65340.211
65340.8
65543.211
65543.8
65559.211
65559.8
65644.211
65644.8
65890.211
65890.8
65935.211
65935.8
66016.211
66016.8
66265.4
66278.5
66489.4
66514.5
66733.8
66734.212
66785.2
66785.4
66985.2
67019.5
67189.4
67311.5
67385.3
68031.8
68185.1
68374.8
68420.211
68420.8
68853.8
68854.212
68900.2
68900.4
69100.2
69144.5
69357.4
69500.3
69508.5
70300.1
70331.8
70771.8
70772.212
70773.8
70818.2
70818.4
71018.2
71050.5
71366.4
71418.3
71499.5
72133.8
72216.8
72218.1
72535.8
72550.211
72550.8
72568.211
72568.8
72632.211
72632.8
72686.211
72686.8
72838.211
72838.8
72858.211
72858.8
72864.211
72864.8
72911.211
72911.8
73034.211
73034.8
73321.211
73321.8
73325.211
73325.8
73335.211
73335.8
73341.211
73341.8
73454.211
73454.8
73544.211
73544.8
73745.211
73745.8
73827.211
73827.8
73930.211
73930.8
74017.211
74017.8
74090.211
74090.8
74294.211
74294.8
74323.211
74323.8
74374.211
74374.8
74727.8
74728.212
74779.2
74779.4
74979.2
75014.5
75238.4
75379.3
75393.5
76179.1
76382.8
76427.211
76427.8
76664.211
76664.8
76673.211
76673.8
76713.211
76713.8
76961.211
76961.8
76988.211
76988.8
77092.211
77092.8
77208.211
77208.8
77459.211
77459.8
77462.211
77462.8
77473.211
77473.8
77490.211
77490.8
77501.211
77501.8
77514.211
77514.8
77586.211
77586.8
78143.8
78144.212
78196.2
78196.4
78396.2
78427.5
78645.4
78775.5
78796.3
79596.1
79800.8
79826.211
79826.8
79876.211
79876.8
79943.211
79943.8
80020.4
80022.5
80173.211
80173.8
80187.211
80187.8
80306.211
80306.8
80322.211
80322.8
80527.211
80527.8
80555.211
80555.8
80583.211
80583.8
80636.211
80636.8
80867.211
80867.8
80888.211
80888.8
80897.211
80897.8
80917.211
80917.8
81266.8
81267.212
81316.2
81316.4
81516.2
81545.5
81725.4
81916.3
81942.5
82716.1
83843.8
83850.211
83850.8
84413.8
84414.212
84506.2
84506.4
84706.2
84739.5
84977.4
85106.3
85114.5
85863.8
85906.1
85958.8
86211.211
86211.8
86240.211
86240.8
86537.211
86537.8
86547.211
86547.8
86554.211
86554.8
86575.211
86575.8
86925.8
86926.212
86973.2
86973.4
87173.2
87205.5
87408.4
87568.5
87573.3
88072.8
88373.1
88384.8
88396.211
88396.8
88442.211
88442.8
88459.211
88459.8
88726.211
88726.8
88753.211
88753.8
88764.211
88764.8
88809.211
88809.8
89025.4
89029.5
89089.211
89089.8
89109.211
89109.8
89121.211
89121.8
89133.211
89133.8
89168.211
89168.8
89490.8
89491.212
89542.2
89542.4
89742.2
89777.5
89979.4
90097.5
90099.4
90142.3
90151.5
90152.4
90154.5
90792.8
90942.1
91155.8
91182.211
91182.8
91387.211
91387.8
91392.211
91392.8
91449.211
91449.8
91672.211
91672.8
91698.211
91698.8
91797.211
91797.8
91800.211
91800.8
92029.211
92029.8
92043.211
92043.8
92066.211
92066.8
92121.211
92121.8
92371.211
92371.8
92398.211
92398.8
92539.211
92539.8
92615.211
92615.8
92790.211
92790.8
93011.211
93011.8
93037.211
93037.8
93103.211
93103.8
93164.211
93164.8
93392.211
93392.8
93417.211
93417.8
93439.211
93439.8
93485.211
93485.8
93579.211
93579.8
93779.4
93792.5
93896.4
93925.5
93983.8
93984.212
94034.2
94034.4
94234.2
94268.5
94422.4
94579.5
94634.3
95279.8
95434.1
95570.8
95625.211
95625.8
95794.211
95794.8
95818.211
95818.8
96083.211
96083.8
96140.211
96140.8
96370.211
96370.8
96484.211
96484.8
96741.211
96741.8
96761.211
96761.8
96848.211
96848.8
97153.8
97154.212
97209.2
97209.4
97409.2
97444.5
97546.4
97701.5
97809.3
97905.4
98077.5
98487.4
98490.5
98588.8
98600.8
98609.1
98624.8
98878.211
98878.8
98914.211
98914.8
98957.211
98957.8
99164.211
99164.8
99481.8
99482.212
99556.2
99556.4
99756.2
99792.5
99981.4
100152.5
100156.3
100497.4
100620.5
100647.4
100651.5
100678.4
100732.5
100734.4
100737.5
100935.8
100956.1
100973.8
101023.211
101023.8
101279.211
101279.8
101612.8
101613.212
101662.2
101662.4
101862.2
101894.5
102194.4
102216.5
102262.3
102304.4
102316.5
102336.4
102338.5
102339.4
102348.5
102355.4
102360.5
102367.4
102374.5
102377.4
102385.5
102390.4
102396.5
102405.4
102406.5
102416.4
102419.5
102443.4
102448.5
102449.4
102460.5
102462.4
102469.5
102477.4
102479.5
102480.4
102482.5
102487.4
102493.5
102501.4
102506.5
102513.4
102520.5
102524.4
102534.5
102535.4
102541.5
102561.4
102743.5
102817.4
102821.5
102849.4
102857.5
102863.4
102868.5
102875.4
102880.5
102886.4
102894.5
102899.4
102932.5
102944.4
102972.5
102974.4
103062.1
103107.5
103499.8
103529.211
103529.8
103943.8
103944.212
104016.2
104016.4
104216.2
104247.5
104484.4
104486.5
104499.4
104501.5
104578.4
104616.3
104767.5
105325.4
105326.5
105416.1
105468.8
105477.211
105477.8
105547.211
105547.8
105551.211
105551.8
105956.8
105957.212
106022.2
106022.4
106024.5
106025.4
106222.2
106254.5
106563.4
106622.3
106728.5
107422.1
107504.8
107885.8
107886.212
107937.2
107937.4
108137.2
108168.5
108357.4
108528.5
108537.3
109337.1
111515.8
111549.211
111549.8
111628.211
111628.8
111814.211
111814.8
111887.211
111887.8
111897.211
111897.8
111979.211
111979.8
112173.211
112173.8
112176.211
112176.8
112181.211
112181.8
112211.211
112211.8
112282.211
112282.8
112499.211
112499.8
112807.8
112808.212
112856.2
112856.4
113056.2
113089.5
113448.4
113456.3
113538.5
113633.4
113662.5
114256.1
114844.8
114932.211
114932.8
115279.8
115280.212
115331.2
115331.4
115531.2
115564.5
115834.4
115931.3
116038.5
116731.1
116850.8
116859.211
116859.8
117034.211
117034.8
117060.211
117060.8
117068.211
117068.8
117101.211
117101.8
117367.211
117367.8
117393.211
117393.8
117442.211
117442.8
117530.211
117530.8
117894.8
117895.212
117943.2
117943.4
118143.2
118176.5
118454.4
118543.3
118617.5
119343.1
119742.8
119761.211
119761.8
120369.8
120370.212
120415.2
120415.4
120615.2
120641.5
120898.4
121015.3
121078.5
121815.1
121980.8
121994.211
121994.8
121998.211
121998.8
122150.211
122150.8
122358.211
122358.8
122380.211
122380.8
122407.211
122407.8
122485.211
122485.8
122495.211
122495.8
122694.211
122694.8
122719.211
122719.8
122757.211
122757.8
123020.211
123020.8
123241.211
123241.8
123316.211
123316.8
123674.8
123675.212
123725.2
123725.4
123925.2
123958.5
124126.4
124325.3
124325.5
125125.1
125268.8
125297.211
125297.8
125390.211
125390.8
125729.8
125730.212
125786.2
125786.4
125986.2
126015.5
126386.3
126392.4
126618.5
127186.1
127760.8
127764.211
127764.8
127788.211
127788.8
127928.211
127928.8
127934.211
127934.8
127953.211
127953.8
127983.211
127983.8
128217.211
128217.8
128241.211
128241.8
128282.211
128282.8
128332.211
128332.8
128519.211
128519.8
128539.211
128539.8
128583.211
128583.8
128649.211
128649.8
128676.211
128676.8
128757.211
128757.8
128964.211
128964.8
129027.211
129027.8
129115.211
129115.8
129374.211
129374.8
129380.211
129380.8
129383.211
129383.8
129707.8
129708.212
129712.8
129761.2
129761.4
129961.2
129989.5
130246.4
130361.3
130375.5
131161.1
131202.8
131275.211
131275.8
131536.211
131536.8
131617.211
131617.8
131735.211
131735.8
132033.211
132033.8
132049.211
132049.8
132083.211
132083.8
132142.211
132142.8
132434.211
132434.8
132450.211
132450.8
132458.211
132458.8
132510.211
132510.8
132847.8
132848.212
132891.2
132891.4
133091.2
133121.5
133416.4
133491.3
133555.5
133558.4
133561.5
134291.1
134533.8
134737.211
134737.8
134991.211
134991.8
135047.211
135047.8
135673.8
135674.212
135727.2
135727.4
135927.2
135960.5
136107.4
136246.5
136327.3
137127.1
137461.8
137512.211
137512.8
137784.211
137784.8
137793.211
137793.8
137845.211
137845.8
138067.211
138067.8
138404.8
138405.212
138454.2
138454.4
138654.2
138686.5
139054.3
139095.4
139136.5
139156.4
139304.5
139854.1
140099.4
140110.5
140172.8
140197.211
140197.8
140216.211
140216.8
140458.211
140458.8
140471.211
140471.8
140501.211
140501.8
140625.211
140625.8
141118.8
141119.212
141180.2
141180.4
141380.2
141412.5
141647.4
141780.3
141806.5
142479.8
142580.1
142834.8
143029.211
143029.8
143035.211
143035.8
143244.211
143244.8
143296.4
143311.5
143385.211
143385.8
143397.211
143397.8
143453.211
143453.8
143652.211
143652.8
143674.211
143674.8
143691.211
143691.8
143866.4
143879.5
143954.211
143954.8
143973.211
143973.8
143994.211
143994.8
144425.8
144426.212
144474.2
144474.4
144674.2
144704.5
144947.4
144959.5
144963.4
144965.5
144968.4
145074.3
145130.5
145874.1
146105.8
146360.211
146360.8
146397.211
146397.8
146448.211
146448.8
146512.211
146512.8
146804.211
146804.8
146809.211
146809.8
146821.211
146821.8
147385.8
147386.212
147438.2
147438.4
147638.2
147671.5
147907.4
148020.5
148038.3
148098.4
148199.5
148838.1
149121.8
149425.8
149426.212
149479.2
149479.4
149679.2
149707.5
150025.4
150079.3
150322.5
150879.1
152790.4
152792.5
152851.8
152881.211
152881.8
152900.211
152900.8
152966.211
152966.8
152977.211
152977.8
153203.211
153203.8
153213.211
153213.8
153528.8
153529.212
153578.2
153578.4
153778.2
153804.5
154176.4
154178.3
154337.5
154978.1
155544.8
155555.211
155555.8
155591.211
155591.8
155726.211
155726.8
155986.211
155986.8
156016.211
156016.8
156264.211
156264.8
156319.211
156319.8
156364.211
156364.8
156578.211
156578.8
156590.211
156590.8
156641.211
156641.8
156689.211
156689.8
157001.8
157002.212
157058.2
157058.4
157258.2
157292.5
157512.4
157654.5
157658.3
158458.1
158529.4
158533.5
158556.4
158558.5
158628.8
158655.211
158655.8
158690.211
158690.8
158793.211
158793.8
159063.211
159063.8
159204.211
159204.8
159294.211
159294.8
159530.211
159530.8
159600.211
159600.8
159727.211
159727.8
159953.211
159953.8
160220.211
160220.8
160247.211
160247.8
160309.211
160309.8
160541.211
160541.8
160566.211
160566.8
160600.211
160600.8
160649.211
160649.8
160908.211
160908.8
160937.211
160937.8
160999.211
160999.8
161062.211
161062.8
161080.211
161080.8
161430.8
161431.212
161480.2
161480.4
161680.2
161711.5
161879.4
162029.5
162080.3
162880.1
163140.8
163484.4
163587.5
163737.4
163740.5
163745.4
163746.5
163889.8
163890.212
163958.2
163958.4
164158.2
164195.5
164406.4
164558.3
164572.5
165358.1
165986.8
166060.211
166060.8
166284.211
166284.8
166648.8
166649.212
166745.2
166745.4
166945.2
166987.5
167304.4
167345.3
167439.5
167552.4
167605.5
168145.1
168473.8
168490.211
168490.8
168537.211
168537.8
168932.8
168933.212
168988.2
168988.4
169188.2
169219.5
169495.4
169588.3
169640.5
170388.1
170665.8
170785.211
170785.8
171037.211
171037.8
171684.8
171685.212
171733.2
171733.4
171933.2
171963.5
172267.4
172333.3
172458.5
173133.1
173276.8
173327.211
173327.8
173394.211
173394.8
173619.211
173619.8
173648.211
173648.8
173705.211
173705.8
173759.211
173759.8
173817.211
173817.8
173885.211
173885.8
174123.211
174123.8
174128.211
174128.8
174166.211
174166.8
174238.211
174238.8
174325.211
174325.8
174542.211
174542.8
174559.211
174559.8
174572.211
174572.8
174648.211
174648.8
174998.8
174999.212
175045.2
175045.4
175245.2
175271.5
175516.4
175645.3
175649.5
176445.1
176596.8
176608.211
176608.8
176693.211
176693.8
176907.211
176907.8
176925.211
176925.8
177251.8
177252.212
177310.2
177310.4
177510.2
177542.5
177848.4
177853.5
177854.4
177910.3
178012.5
178710.1
179098.4
179104.5
179187.8
179222.211
179222.8
179508.211
179508.8
179530.211
179530.8
179560.211
179560.8
179905.8
179906.212
179957.2
180000.9
123456789
4
09
17
4
09
17
0
0
0
8
15
11
59
15
44
59
6
2
1904
0
0
0
314159265
68
560
313
180000
314159265
0.1
536.8
573.211
573.8
635.211
635.8
885.211
885.8
978.211
978.8
1035.211
1035.8
1318.211
1318.8
1352.211
1352.8
1586.211
1586.8
1615.211
1615.8
1653.211
1653.8
1761.211
1761.8
2180.8
2181.212
2236.2
2236.4
2436.2
2485.5
2495.4
2807.5
2836.3
2955.4
3055.5
3381.8
3636.1
3786.8
3990.211
3990.8
4038.211
4038.8
4237.211
4237.8
4271.211
4271.8
4649.8
4650.212
4654.8
4706.2
4706.4
4906.2
4943.5
5105.4
5300.5
5306.3
5306.4
5310.5
5314.4
5380.5
6106.1
6168.8
6199.211
6199.8
6294.211
6294.8
6666.8
6667.212
6717.2
6717.4
6917.2
6949.5
7119.4
7275.5
7317.3
8001.8
8117.1
8403.8
8418.211
8418.8
8440.211
8440.8
8448.211
8448.8
8517.211
8517.8
8712.211
8712.8
8736.211
8736.8
8780.211
8780.8
8822.211
8822.8
8860.211
8860.8
9193.8
9194.212
9241.2
9241.4
9441.2
9476.5
9658.4
9814.5
9841.3
10447.8
10641.1
10773.8
10793.211
10793.8
10835.211
10835.8
10931.211
10931.8
11049.211
11049.8
11110.211
11110.8
11354.211
11354.8
11386.211
11386.8
11409.211
11409.8
11745.8
11746.212
11801.2
11801.4
12001.2
12039.5
12240.4
12401.3
12515.5
13201.1
13354.8
13411.211
13411.8
13462.211
13462.8
13722.211
13722.8
13732.211
13732.8
13940.211
13940.8
14011.211
14011.8
14250.211
14250.8
14302.211
14302.8
14620.8
14621.212
14671.2
14671.4
14871.2
14899.5
15114.4
15237.5
15271.3
16071.1
16080.8
16105.211
16105.8
16361.211
16361.8
16393.211
16393.8
16446.211
16446.8
16795.8
16796.212
16849.2
16849.4
17049.2
17057.5
17323.4
17449.3
17543.5
17583.4
17587.5
17594.4
17600.5
17602.4
17620.5
17626.4
17690.5
17691.4
17832.5
18249.1
18526.8
18539.211
18539.8
18803.211
18803.8
18814.211
18814.8
18824.211
18824.8
19051.211
19051.8
19112.211
19112.8
19177.211
19177.8
19180.211
19180.8
19447.211
19447.8
19466.211
19466.8
19783.8
19784.212
19828.2
19828.4
20028.2
20056.5
20282.4
20400.5
20428.3
20867.8
21116.8
21228.1
21406.8
21419.211
21419.8
21437.211
21437.8
21685.211
21685.8
21860.211
21860.8
21876.211
21876.8
21898.211
21898.8
21939.211
21939.8
22199.211
22199.8
22229.211
22229.8
22526.211
22526.8
22555.211
22555.8
22607.211
22607.8
22664.211
22664.8
22960.211
22960.8
22986.211
22986.8
23370.8
23371.212
23416.2
23416.4
23616.2
23648.5
23818.4
23943.5
24016.3
24562.4
24565.5
24639.8
24816.1
24951.8
25228.211
25228.8
25242.211
25242.8
25257.211
25257.8
25363.211
25363.8
25457.211
25457.8
25677.211
25677.8
25717.211
25717.8
25780.211
25780.8
26042.211
26042.8
26255.211
26255.8
26301.211
26301.8
26345.211
26345.8
26681.8
26682.212
26732.2
26732.4
26932.2
26964.5
27153.4
27332.3
27346.5
28132.1
28359.8
28363.211
28363.8
28384.211
28384.8
28406.211
28406.8
28623.211
28623.8
28890.211
28890.8
28902.211
28902.8
29210.8
29211.212
29257.2
29257.4
29457.2
29489.5
29693.4
29835.5
29857.3
30657.1
30879.8
31091.211
31091.8
31096.211
31096.8
31136.211
31136.8
31231.211
31231.8
31565.8
31566.212
31613.2
31613.4
31813.2
31852.5
32030.4
32034.5
32046.4
32213.3
32323.5
32348.4
32360.5
32361.4
32364.5
33013.1
33123.8
33150.211
33150.8
33154.211
33154.8
33355.211
33355.8
33586.211
33586.8
33610.211
33610.8
33899.211
33899.8
33961.211
33961.8
34006.211
34006.8
34271.211
34271.8
34304.211
34304.8
34326.211
34326.8
34441.211
34441.8
34545.211
34545.8
34775.211
34775.8
34814.211
34814.8
35086.211
35086.8
35383.211
35383.8
35416.211
35416.8
35460.211
35460.8
35635.211
35635.8
35665.211
35665.8
36029.8
36030.212
36086.2
36086.4
36286.2
36311.5
36501.4
36686.3
36730.5
37486.1
37870.8
38301.8
38302.212
38349.2
38349.4
38549.2
38581.5
38814.4
38945.5
38949.3
39749.1
40278.8
40291.211
40291.8
40342.211
40342.8
40625.211
40625.8
40726.211
40726.8
40902.211
40902.8
41161.211
41161.8
41188.211
41188.8
41213.211
41213.8
41286.211
41286.8
41309.211
41309.8
41605.211
41605.8
41718.211
41718.8
41784.211
41784.8
42031.211
42031.8
42220.211
42220.8
42254.211
42254.8
42346.211
42346.8
42575.211
42575.8
42804.211
42804.8
43099.211
43099.8
43188.211
43188.8
43471.4
43472.5
43536.8
43537.212
43586.2
43586.4
43786.2
43812.5
44032.4
44157.5
44186.3
44986.1
45102.8
45318.211
45318.8
45335.211
45335.8
45591.4
45597.5
45653.8
45654.212
45700.2
45700.4
45900.2
45932.5
46240.4
46300.3
46395.5
47100.1
47605.4
47608.5
47628.4
47638.5
47742.8
47752.211
47752.8
47781.211
47781.8
48168.8
48169.212
48217.2
48217.4
48417.2
48446.5
48803.4
48817.3
48819.5
48825.4
48833.5
48838.4
48846.5
48847.4
48857.5
48860.4
48865.5
48873.4
48905.5
48909.4
48919.5
48933.4
49103.5
49617.1
49682.8
49718.211
49718.8
49999.211
49999.8
50203.211
50203.8
50296.211
50296.8
50301.211
50301.8
50570.211
50570.8
50623.211
50623.8
50675.211
50675.8
51068.8
51069.212
51117.2
51117.4
51317.2
51342.5
51652.4
51717.3
51805.5
51830.4
51881.5
51896.4
51908.5
52294.8
52381.8
52517.1
52550.8
52736.211
52736.8
53021.211
53021.8
53101.211
53101.8
53387.211
53387.8
53615.211
53615.8
53619.211
53619.8
53640.211
53640.8
54049.8
54050.212
54103.2
54103.4
54303.2
54339.5
54570.4
54703.3
54715.5
55503.1
56004.8
56181.211
56181.8
56204.211
56204.8
56508.8
56509.212
56570.2
56570.4
56770.2
56790.5
57170.3
57179.4
57309.5
57970.1
58088.8
58410.8
58411.212
58463.2
58463.4
58663.2
58690.5
59063.3
59133.4
59147.5
59161.4
59318.5
59863.1
60045.8
60064.211
60064.8
60119.211
60119.8
60355.211
60355.8
60373.211
60373.8
60393.211
60393.8
60733.8
60734.212
60784.2
60784.4
60984.2
61010.5
61308.4
61384.3
61437.5
62184.1
62406.8
62422.211
62422.8
62663.211
62663.8
62689.211
62689.8
63157.8
63158.212
63206.2
63206.4
63406.2
63435.5
63736.4
63806.3
63870.5
64606.1
64856.8
64876.211
64876.8
65143.211
65143.8
65162.211
65162.8
65179.211
65179.8
65686.8
65687.212
65736.2
65736.4
65936.2
65968.5
66229.4
66336.3
66346.5
66957.8
67136.1
67303.8
67323.211
67323.8
67339.211
67339.8
67535.211
67535.8
67547.211
67547.8
67869.8
67870.212
67920.2
67920.4
68120.2
68153.5
68436.4
68520.3
68566.5
69320.1
69720.8
69815.211
69815.8
70079.211
70079.8
70097.211
70097.8
70336.211
70336.8
70366.211
70366.8
70498.211
70498.8
70708.211
70708.8
70992.211
70992.8
71358.8
71359.212
71408.2
71408.4
71608.2
71640.5
71871.4
72008.3
72095.5
72808.1
74084.8
74111.211
74111.8
74177.211
74177.8
74491.8
74492.212
74545.2
74545.4
74745.2
74765.5
75045.4
75069.5
75071.4
75076.5
75077.4
75098.5
75104.4
75111.5
75115.4
75133.5
75145.3
75157.4
75159.5
75307.4
75323.5
75349.4
75357.5
75374.4
75494.5
75536.4
75540.5
75546.4
75579.5
75595.4
75600.5
75604.4
75609.5
75640.4
75642.5
75945.1
75972.8
76254.211
76254.8
76276.211
76276.8
76779.4
76785.5
76840.8
76841.212
76843.8
76971.2
76971.4
77171.2
77207.5
77419.4
77423.5
77438.4
77571.3
77617.5
78136.8
78184.8
78371.1
78393.8
78492.211
78492.8
78789.211
78789.8
78817.211
78817.8
79087.211
79087.8
79121.211
79121.8
79435.8
79436.212
79484.2
79484.4
79684.2
79711.5
79944.4
79963.5
79972.4
79977.5
79981.4
79987.5
80013.4
80015.5
80016.4
80026.5
80029.4
80036.5
80079.4
80084.3
80201.5
80884.1
80959.8
81009.211
81009.8
81139.211
81139.8
81446.8
81447.212
81494.2
81494.4
81694.2
81727.5
81919.4
81947.5
81961.4
81972.5
81977.4
81984.5
82002.4
82008.5
82014.4
82021.5
82067.4
82094.3
82184.5
82416.8
82894.1
83002.8
83023.211
83023.8
83316.211
83316.8
83353.211
83353.8
83604.211
83604.8
83845.211
83845.8
84172.8
84173.212
84220.2
84220.4
84420.2
84450.5
84676.4
84679.5
84692.4
84820.3
84820.5
84866.4
84874.5
84898.4
84903.5
84905.4
84921.5
84930.4
84932.5
84933.4
84998.5
85620.1
85931.8
85942.211
85942.8
86197.211
86197.8
86214.211
86214.8
86225.211
86225.8
86331.4
86371.5
86420.211
86420.8
86571.211
86571.8
86668.211
86668.8
86843.211
86843.8
86866.211
86866.8
86900.211
86900.8
87190.211
87190.8
87199.211
87199.8
87293.211
87293.8
87535.211
87535.8
87578.211
87578.8
87866.211
87866.8
88173.8
88174.212
88220.2
88220.4
88420.2
88452.5
88682.4
88687.5
88697.4
88712.5
88718.4
88721.5
88728.4
88755.5
88763.4
88771.5
88772.4
88791.5
88799.4
88820.3
88970.5
89620.1
89644.8
89670.211
89670.8
89881.211
89881.8
89950.211
89950.8
90267.8
90268.212
90328.2
90328.4
90528.2
90564.5
90798.4
90815.5
90817.4
90823.5
90832.4
90834.5
90836.4
90848.5
90851.4
90859.5
90878.4
90896.5
90898.4
90907.5
90914.4
90915.5
90918.4
90919.5
90926.4
90928.3
90929.5
90930.4
90932.5
91054.4
91064.5
91070.4
91077.5
91081.4
91088.5
91089.4
91103.5
91124.4
91244.5
91283.4
91287.5
91293.4
91329.5
91336.4
91342.5
91343.4
91378.5
91386.4
91409.5
91415.4
91568.5
91592.4
91728.1
91831.5
91863.4
91871.5
92471.8
92540.211
92540.8
92781.211
92781.8
92815.211
92815.8
93082.4
93090.5
93156.8
93157.212
93214.2
93214.4
93414.2
93447.5
93665.4
93676.5
93681.4
93687.5
93690.4
93706.5
93724.4
93814.3
93832.5
93881.4
93907.5
93915.4
93918.5
93919.4
94044.5
94045.4
94050.5
94065.4
94148.5
94202.4
94250.5
94572.8
94614.1
94695.8
94750.211
94750.8
94811.211
94811.8
95057.211
95057.8
95078.211
95078.8
95422.8
95423.212
95468.2
95468.4
95668.2
95704.5
95951.4
95965.5
95968.4
95983.5
95991.4
96068.3
96092.5
96150.4
96216.5
96749.8
96868.1
96869.8
97194.8
97195.212
97198.8
97243.2
97243.4
97443.2
97473.5
97752.4
97774.5
97777.4
97786.5
97788.4
97843.3
97955.5
98035.4
98059.5
98570.8
98643.1
98843.8
98868.211
98868.8
98899.211
98899.8
99157.211
99157.8
99163.211
99163.8
99457.211
99457.8
99492.211
99492.8
99534.211
99534.8
99862.8
99863.212
99921.2
99921.4
100121.2
100153.5
100369.4
100521.3
100561.5
101287.8
101311.8
101321.1
101595.8
101754.211
101754.8
101789.211
101789.8
101879.211
101879.8
101882.211
101882.8
101959.211
101959.8
102302.8
102303.212
102361.2
102361.4
102561.2
102592.5
102753.4
102755.5
102808.4
102822.5
102832.4
102864.5
102875.4
102889.5
102893.4
102923.5
102924.4
102941.5
102960.4
102961.3
103057.5
103083.4
103096.5
103103.4
103226.5
103446.4
103452.5
103761.1
103987.8
104197.211
104197.8
104215.211
104215.8
104226.211
104226.8
104470.211
104470.8
104484.211
104484.8
104513.211
104513.8
104917.8
104918.212
104965.2
104965.4
105165.2
105198.5
105467.4
105477.5
105478.4
105487.5
105490.4
105497.5
105501.4
105542.5
105545.4
105565.3
105663.5
105689.4
105744.5
106365.1
106528.8
106554.211
106554.8
106863.8
106864.212
106912.2
106912.4
107112.2
107140.5
107312.4
107336.5
107342.4
107343.5
107353.4
107382.5
107389.4
107404.5
107411.4
107416.5
107438.4
107512.3
107550.5
107569.4
107599.5
108312.1
108442.8
108446.211
108446.8
108796.8
108797.212
108844.2
108844.4
109044.2
109073.5
109364.4
109367.5
109370.4
109379.5
109382.4
109389.5
109394.4
109413.5
109417.4
109424.5
109441.4
109444.3
109449.5
109454.4
109456.5
109458.4
109461.5
109462.4
109470.5
109474.4
109647.5
110244.1
111551.8
111640.4
111645.5
111760.211
111760.8
111792.211
111792.8
111860.211
111860.8
111950.211
111950.8
112563.8
112564.212
112632.2
112632.4
112832.2
112866.5
113016.4
113024.5
113026.4
113034.5
113040.4
113165.5
113232.3
113707.8
114032.1
114752.8
114805.211
114805.8
115112.8
115113.212
115119.8
115159.2
115159.4
115359.2
115391.5
115603.4
115615.5
115616.4
115624.5
115628.4
115648.5
115650.4
115657.5
115662.4
115665.5
115668.4
115759.3
115818.5
116559.1
116677.8
116689.211
116689.8
116693.211
116693.8
116955.211
116955.8
116981.211
116981.8
117033.211
117033.8
117296.211
117296.8
118004.8
118005.212
118062.2
118062.4
118262.2
118291.5
118662.3
119462.1
119573.8
119884.8
119885.212
119895.8
119903.8
120128.8
120247.8
120255.8
120276.8
120301.8
120561.8
121868.2
121868.4
121877.5
121879.4
122068.2
122102.5
122320.4
122361.5
122376.4
122468.3
122520.5
123268.1
123780.8
123796.211
123796.8
123826.211
123826.8
124114.211
124114.8
124135.211
124135.8
124155.211
124155.8
124470.8
124471.212
124474.8
124528.2
124528.4
124728.2
124753.5
124982.4
125001.5
125006.4
125110.5
125128.3
125928.1
125997.8
126025.211
126025.8
126066.211
126066.8
126294.211
126294.8
126313.211
126313.8
126324.211
126324.8
126339.211
126339.8
126356.211
126356.8
126398.211
126398.8
126465.211
126465.8
126674.211
126674.8
126690.211
126690.8
126699.211
126699.8
126760.211
126760.8
127029.211
127029.8
127054.211
127054.8
127088.211
127088.8
127317.211
127317.8
127320.211
127320.8
127342.211
127342.8
127632.211
127632.8
127703.211
127703.8
127979.211
127979.8
127985.211
127985.8
127991.211
127991.8
128011.211
128011.8
128079.211
128079.8
128251.211
128251.8
128278.211
128278.8
128318.211
128318.8
128600.211
128600.8
128639.211
128639.8
128683.211
128683.8
128729.211
128729.8
128796.211
128796.8
129150.8
129151.212
129200.2
129200.4
129400.2
129429.5
129663.4
129701.5
129703.4
129800.3
129829.5
130379.8
130600.1
130650.8
130705.211
130705.8
131067.8
131068.212
131126.2
131126.4
131326.2
131358.5
131554.4
131571.5
131576.4
131706.5
131726.3
132526.1
132757.4
132783.5
132843.8
132856.211
132856.8
132888.211
132888.8
132943.211
132943.8
133247.8
133248.212
133292.2
133292.4
133492.2
133525.5
133773.4
133892.3
133928.5
134692.1
136143.8
136277.4
136279.5
136283.4
136288.5
136401.4
136402.5
136813.8
136814.212
136865.2
136865.4
137065.2
137096.5
137337.4
137465.3
137502.5
138116.8
138265.1
138443.8
138524.211
138524.8
138760.211
138760.8
138805.211
138805.8
139019.211
139019.8
139026.211
139026.8
139051.211
139051.8
139096.211
139096.8
139100.211
139100.8
139369.211
139369.8
139376.211
139376.8
139384.211
139384.8
139394.211
139394.8
139686.211
139686.8
139692.211
139692.8
139717.211
139717.8
139978.211
139978.8
140121.4
140134.5
140283.8
140284.212
140346.2
140346.4
140546.2
140574.5
140791.4
140798.5
140803.4
140946.3
140958.5
141414.8
141746.1
141800.8
141805.211
141805.8
141819.211
141819.8
142175.8
142176.212
142240.8
142298.2
142298.4
142300.5
142303.4
142498.2
142526.5
142696.4
142851.5
142898.3
143616.8
143662.8
143698.1
143952.8
144207.4
144223.5
144277.8
144278.212
144325.2
144325.4
144525.2
144558.5
144748.4
144925.3
144937.5
145641.8
145700.8
145725.1
145987.8
146029.211
146029.8
146307.211
146307.8
146674.8
146675.212
146743.2
146743.4
146943.2
146967.5
147115.4
147145.5
147147.4
147289.5
147343.3
147860.4
147864.5
147958.8
148143.1
148360.8
148683.8
148684.212
148735.2
148735.4
148935.2
148962.5
149234.4
149335.3
149374.5
150135.1
150333.8
150558.211
150558.8
150589.211
150589.8
150598.211
150598.8
150910.8
150911.212
150968.2
150968.4
151168.2
151195.5
151430.4
151568.3
151588.5
152256.8
152368.1
152590.8
152595.211
152595.8
152605.211
152605.8
152922.8
152923.212
152979.2
152979.4
153179.2
153207.5
153416.4
153418.5
153420.4
153439.5
153442.4
153450.5
153455.4
153493.5
153527.4
153579.3
153653.5
154379.1
154557.8
154575.211
154575.8
154810.211
154810.8
154839.211
154839.8
154864.211
154864.8
154931.211
154931.8
155245.8
155246.212
155303.2
155303.4
155503.2
155532.5
155772.4
155787.5
155789.4
155797.5
155801.4
155829.5
155830.4
155832.5
155834.4
155903.3
155935.5
156703.1
157088.8
157096.211
157096.8
157113.211
157113.8
157154.211
157154.8
157157.211
157157.8
157196.211
157196.8
157397.211
157397.8
157412.211
157412.8
157456.211
157456.8
157487.211
157487.8
157797.8
157798.212
157846.2
157846.4
158046.2
158073.5
158296.4
158420.5
158446.3
159246.1
159621.8
159643.211
159643.8
159889.211
159889.8
159902.211
159902.8
159950.211
159950.8
159999.211
159999.8
160210.211
160210.8
160243.211
160243.8
160578.8
160579.212
160628.2
160628.4
160828.2
160854.5
161091.4
161117.5
161120.4
161228.3
161264.5
162028.1
162344.8
162379.211
162379.8
162579.211
162579.8
162599.211
162599.8
162810.211
162810.8
162812.211
162812.8
162851.211
162851.8
162894.211
162894.8
162971.211
162971.8
163116.211
163116.8
163379.211
163379.8
163421.211
163421.8
163457.211
163457.8
163510.211
163510.8
163712.211
163712.8
163760.211
163760.8
163792.211
163792.8
164325.8
164326.212
164377.2
164377.4
164577.2
164608.5
164878.4
164909.5
164916.4
164977.3
165050.5
165294.8
165693.4
165777.1
165778.5
165894.8
166047.211
166047.8
166350.8
166351.212
166399.2
166399.4
166599.2
166625.5
166845.4
166951.5
166999.3
167490.8
167511.8
167799.1
168212.8
168241.211
168241.8
168316.211
168316.8
168351.211
168351.8
168613.211
168613.8
168661.211
168661.8
168957.211
168957.8
168960.211
168960.8
168989.211
168989.8
169318.8
169319.212
169385.2
169385.4
169585.2
169618.5
169811.4
169818.5
169823.4
169966.5
169985.3
170785.1
170833.8
170838.211
170838.8
170867.211
170867.8
170941.4
170962.5
171194.8
171195.212
171244.2
171244.4
171444.2
171475.5
171844.3
172076.4
172079.5
172087.4
172167.5
172474.8
172644.1
172814.8
172832.211
172832.8
173155.8
173156.212
173204.2
173204.4
173404.2
173434.5
173750.4
173762.5
173767.4
173770.5
173780.4
173804.3
173897.5
174604.1
174712.8
174716.211
174716.8
174741.211
174741.8
174938.211
174938.8
174977.211
174977.8
175030.211
175030.8
175302.211
175302.8
175307.211
175307.8
175614.8
175615.212
175661.2
175661.4
175861.2
175893.5
176195.4
176200.5
176208.4
176235.5
176241.4
176261.3
176362.5
177061.1
177436.8
177814.8
177815.212
177868.2
177868.4
178068.2
178094.5
178438.4
178444.5
178446.4
178454.5
178460.4
178465.5
178468.3
178470.4
178597.5
179012.4
179021.5
179067.4
179100.5
179268.1
179520.8
179544.211
179544.8
179555.211
179555.8
179939.8
179940.212
179985.2
180000.9
123456789
4
10
17
4
10
17
0
0
0
8
14
59
18
15
32
18
6
2
1663
0
0
0
314159265
63
482
273
180000
314159265
0.1
1.4
365.5
373.4
892.5
900.4
1059.5
1061.4
1082.5
1084.4
1121.5
1138.4
1141.5
1148.4
1803.5
1807.4
2047.5
2051.4
2284.5
2335.4
2617.5
2619.4
2898.5
3236.8
3302.211
3302.8
3380.211
3380.8
4037.8
4038.212
4098.2
4098.4
4298.2
4339.5
4387.4
4407.5
4409.4
4420.5
4421.4
4644.5
4658.4
4698.3
4895.5
5498.1
5657.8
5661.211
5661.8
5691.211
5691.8
6012.8
6013.212
6063.2
6063.4
6263.2
6300.5
6425.4
6661.5
6663.3
6678.4
6738.5
6754.4
6830.5
6867.4
6871.5
6886.4
7074.5
7210.4
7463.1
7576.5
8018.8
8022.211
8022.8
8370.8
8371.212
8416.2
8416.4
8616.2
8648.5
8779.4
8794.5
8798.4
8999.5
9016.3
9352.8
9387.8
9794.8
9816.1
9828.8
9858.211
9858.8
9928.211
9928.8
10250.8
10251.212
10253.8
10305.2
10305.4
10505.2
10538.5
10609.4
10830.5
10905.3
11385.8
11446.8
11605.8
11705.1
11902.8
11913.211
11913.8
11950.211
11950.8
11977.211
11977.8
12220.211
12220.8
12224.211
12224.8
12331.211
12331.8
12539.211
12539.8
12593.211
12593.8
12698.211
12698.8
12973.211
12973.8
13031.211
13031.8
13083.211
13083.8
13335.211
13335.8
13376.211
13376.8
13423.211
13423.8
13667.211
13667.8
13911.211
13911.8
13945.211
13945.8
13995.211
13995.8
14061.211
14061.8
14375.8
14376.212
14424.2
14424.4
14624.2
14655.5
14849.4
15016.5
15024.3
15599.8
15681.8
15824.1
16301.8
16339.211
16339.8
16597.211
16597.8
16875.211
16875.8
16899.211
16899.8
16918.211
16918.8
17174.211
17174.8
17413.211
17413.8
17449.211
17449.8
17699.211
17699.8
18133.8
18134.212
18175.2
18175.4
18375.2
18410.5
18541.4
18544.5
18555.4
18739.5
18775.3
19126.8
19453.8
19575.1
19897.8
19949.4
19951.5
19952.4
20054.5
20064.4
20214.5
20291.8
20292.212
20339.2
20339.4
20539.2
20569.5
20717.4
20890.5
20939.3
21182.4
21193.5
21259.8
21601.8
21608.8
21739.1
21880.8
21887.211
21887.8
21888.211
21888.8
21923.211
21923.8
21967.211
21967.8
22206.211
22206.8
22258.211
22258.8
22319.4
22369.5
22654.8
22655.212
22706.2
22706.4
22906.2
22939.5
23139.4
23275.5
23306.3
23822.8
24079.4
24096.5
24106.1
24158.8
24186.211
24186.8
24267.211
24267.8
24271.211
24271.8
24433.211
24433.8
24712.211
24712.8
24729.211
24729.8
25036.8
25037.212
25099.2
25099.4
25299.2
25330.5
25469.4
25472.5
25474.4
25674.5
25699.3
25842.4
25972.5
26236.8
26499.1
26576.8
26588.211
26588.8
26805.211
26805.8
26880.211
26880.8
27111.211
27111.8
27161.211
27161.8
27440.211
27440.8
27488.211
27488.8
27786.211
27786.8
27838.211
27838.8
27846.211
27846.8
28136.211
28136.8
28147.211
28147.8
28172.211
28172.8
28408.211
28408.8
28432.211
28432.8
28648.211
28648.8
28654.211
28654.8
28712.211
28712.8
29020.8
29021.212
29084.2
29084.4
29284.2
29315.5
29472.4
29640.5
29684.3
30048.4
30065.5
30132.8
30484.1
30810.8
30964.211
30964.8
31237.211
31237.8
31276.211
31276.8
31596.8
31597.212
31663.2
31663.4
31863.2
31893.5
32122.4
32133.5
32135.4
32143.5
32147.4
32263.3
32278.5
33063.1
33366.8
33371.211
33371.8
33410.211
33410.8
33450.211
33450.8
33691.211
33691.8
33728.211
33728.8
33945.211
33945.8
34197.211
34197.8
34232.211
34232.8
34488.211
34488.8
34788.211
34788.8
35244.8
35245.212
35291.2
35291.4
35491.2
35524.5
35692.4
35878.5
35891.3
36573.8
36691.1
36888.8
37097.211
37097.8
37128.211
37128.8
37218.211
37218.8
37561.8
37562.212
37610.2
37610.4
37810.2
37845.5
38119.4
38210.3
38250.5
38297.4
38300.5
38305.4
38312.5
38313.4
38366.5
38375.4
38617.5
38690.4
38717.5
38993.8
39010.1
39042.8
39257.211
39257.8
39524.211
39524.8
39762.211
39762.8
40038.211
40038.8
40065.211
40065.8
40348.211
40348.8
40616.211
40616.8
40906.211
40906.8
40950.211
40950.8
41218.211
41218.8
41449.211
41449.8
41680.211
41680.8
41686.211
41686.8
41696.211
41696.8
42118.8
42119.212
42173.2
42173.4
42373.2
42410.5
42604.4
42736.5
42773.3
43573.1
44079.8
44081.211
44081.8
44353.211
44353.8
44394.211
44394.8
44440.211
44440.8
44490.211
44490.8
44977.8
44978.212
45034.2
45034.4
45234.2
45262.5
45421.4
45422.5
45424.4
45547.5
45634.3
46434.1
46845.8
47209.8
47210.212
47272.2
47272.4
47472.2
47501.5
47581.4
47812.5
47834.4
47872.3
48012.5
48672.1
48784.8
49033.211
49033.8
49064.211
49064.8
49315.211
49315.8
49613.211
49613.8
49741.211
49741.8
49998.211
49998.8
50006.211
50006.8
50035.211
50035.8
50173.211
50173.8
50204.211
50204.8
50466.211
50466.8
50477.211
50477.8
50487.211
50487.8
50585.211
50585.8
50786.211
50786.8
51003.211
51003.8
51157.4
51216.5
51497.4
51586.5
51593.4
51717.5
51956.8
51957.212
52008.2
52008.4
52208.2
52235.5
52348.4
52355.5
52362.4
52509.5
52608.3
53408.1
53570.8
53579.211
53579.8
53821.4
53880.5
53934.8
53935.212
53979.2
53979.4
54179.2
54216.5
54382.4
54384.5
54385.4
54534.5
54554.4
54579.3
54579.5
55005.4
55011.5
55379.1
55591.8
55988.8
55989.212
56045.2
56045.4
56245.2
56268.5
56441.4
56566.5
56645.3
56764.4
56774.5
56790.4
56847.5
57445.1
57671.8
57712.211
57712.8
57763.211
57763.8
57945.4
57965.5
58023.211
58023.8
58066.211
58066.8
58107.211
58107.8
58360.211
58360.8
58399.211
58399.8
58707.8
58708.212
58828.2
58828.4
59028.2
59072.5
59249.4
59321.5
59428.3
59431.4
59564.5
59585.4
59621.5
60228.1
60538.8
60590.211
60590.8
60835.211
60835.8
60874.211
60874.8
60926.211
60926.8
60993.4
61002.5
61166.4
61176.5
61297.8
61298.212
61351.2
61351.4
61551.2
61568.5
61720.4
61776.5
61777.4
61892.5
61951.3
62751.1
62943.8
63178.211
63178.8
63257.4
63293.5
63451.211
63451.8
63482.211
63482.8
63487.211
63487.8
63543.4
63623.5
63658.4
63695.5
63748.211
63748.8
63860.211
63860.8
63889.211
63889.8
64086.211
64086.8
64358.211
64358.8
64411.211
64411.8
64824.8
64825.212
64877.2
64877.4
65077.2
65104.5
65242.4
65346.5
65477.3
66013.4
66024.5
66135.4
66137.5
66257.8
66277.1
66317.8
66569.211
66569.8
66616.211
66616.8
66828.211
66828.8
67057.211
67057.8
67121.211
67121.8
67123.211
67123.8
67191.4
67196.5
67372.211
67372.8
67392.211
67392.8
67407.211
67407.8
67455.211
67455.8
67651.211
67651.8
67937.211
67937.8
67975.211
67975.8
68011.211
68011.8
68551.8
68552.212
68609.2
68609.4
68809.2
68842.5
69034.4
69147.5
69209.3
70009.1
70549.8
70599.211
70599.8
70834.211
70834.8
70865.211
70865.8
71076.211
71076.8
71348.211
71348.8
71432.4
71436.5
71553.211
71553.8
71581.211
71581.8
71584.211
71584.8
71818.211
71818.8
71834.211
71834.8
71862.211
71862.8
72166.8
72167.212
72172.8
72227.2
72227.4
72427.2
72458.5
72631.4
72638.5
72649.4
72653.5
72656.4
72658.5
72674.4
72827.3
72985.5
72991.4
72994.5
72997.4
73246.5
73627.1
74024.8
74323.211
74323.8
74540.211
74540.8
74809.211
74809.8
74857.211
74857.8
74892.211
74892.8
74928.211
74928.8
75178.211
75178.8
75214.211
75214.8
75264.211
75264.8
75522.211
75522.8
75553.211
75553.8
75820.211
75820.8
76133.8
76134.212
76186.2
76186.4
76386.2
76422.5
76580.4
76696.5
76786.3
77586.1
78165.8
78460.211
78460.8
78984.8
78985.212
79036.2
79036.4
79236.2
79271.5
79385.4
79506.5
79618.4
79633.5
79636.3
80426.8
80436.1
81452.8
81507.4
81566.5
81623.211
81623.8
81973.8
81974.212
82023.2
82023.4
82223.2
82254.5
82581.4
82599.5
82600.4
82612.5
82616.4
82623.3
82624.5
82626.4
82737.5
82741.4
82870.5
82886.4
82908.5
83103.4
83298.5
83315.4
83423.1
83446.5
83537.8
83838.8
83839.212
83884.2
83884.4
84084.2
84116.5
84316.4
84329.5
84330.4
84448.5
84451.4
84484.3
84630.5
84654.4
84865.5
85082.4
85086.5
85088.4
85199.5
85284.1
85300.8
85512.211
85512.8
85674.4
85678.5
85868.8
85869.212
85918.2
85918.4
86118.2
86146.5
86288.4
86305.5
86309.4
86327.5
86330.4
86378.5
86384.4
86385.5
86389.4
86472.5
86474.4
86480.5
86482.4
86518.3
86735.5
86750.4
86972.5
86993.4
87139.5
87318.1
87319.4
87332.5
87339.4
87343.5
87967.8
88350.8
88351.212
88475.2
88475.4
88675.2
88707.5
89000.4
89075.3
89223.5
89786.8
89875.1
89964.8
89991.211
89991.8
90044.211
90044.8
90107.4
90136.5
90195.211
90195.8
90205.211
90205.8
90461.211
90461.8
90475.211
90475.8
90486.211
90486.8
90730.211
90730.8
90768.211
90768.8
91009.211
91009.8
91302.211
91302.8
91323.211
91323.8
91525.211
91525.8
91560.211
91560.8
91895.8
91896.212
91947.2
91947.4
92147.2
92176.5
92329.4
92447.5
92453.4
92547.3
92559.5
92823.8
92845.8
92916.8
93129.4
93140.5
93199.8
93318.8
93347.1
93629.8
93652.211
93652.8
93996.8
93997.212
94049.2
94049.4
94249.2
94265.5
94267.4
94268.5
94525.4
94649.3
94660.5
95327.4
95343.5
95449.1
95537.8
95790.211
95790.8
96071.211
96071.8
96440.8
96441.212
96482.2
96482.4
96682.2
96713.5
96956.4
97082.3
97089.5
97780.8
97840.8
97882.1
98154.8
98403.211
98403.8
98413.211
98413.8
98439.211
98439.8
98483.211
98483.8
98714.211
98714.8
98730.211
98730.8
98987.211
98987.8
99321.8
99322.212
99372.2
99372.4
99572.2
99600.5
99799.4
99806.5
99807.4
99931.5
99972.3
100549.8
100619.8
100772.1
101022.8
101224.211
101224.8
101280.211
101280.8
101819.8
101820.212
101864.2
101864.4
102064.2
102101.5
102270.4
102375.5
102464.3
103264.1
103672.8
103728.211
103728.8
103996.211
103996.8
104049.211
104049.8
104272.211
104272.8
104308.211
104308.8
104321.211
104321.8
104619.211
104619.8
104729.211
104729.8
104895.211
104895.8
104920.211
104920.8
105145.211
105145.8
105407.211
105407.8
105445.211
105445.8
105787.8
105788.212
105834.2
105834.4
106034.2
106066.5
106227.4
106360.5
106434.3
107234.1
107587.8
107867.211
107867.8
108475.8
108476.212
108520.2
108520.4
108720.2
108751.5
108930.4
109120.3
109150.5
109920.1
110116.8
110135.211
110135.8
110430.211
110430.8
110699.211
110699.8
110719.211
110719.8
110771.211
110771.8
111070.211
111070.8
111078.211
111078.8
111086.211
111086.8
111341.211
111341.8
111392.211
111392.8
111659.211
111659.8
111695.211
111695.8
111761.211
111761.8
111995.211
111995.8
112201.211
112201.8
112265.211
112265.8
112490.4
112493.5
112494.4
112499.5
112574.8
112575.212
112622.2
112622.4
112822.2
112847.5
113006.4
113101.5
113222.3
113715.4
113729.5
114022.1
114286.8
114295.211
114295.8
114327.211
114327.8
114518.211
114518.8
114565.211
114565.8
114917.8
114918.212
114968.2
114968.4
115168.2
115187.5
115352.4
115461.5
115568.3
116139.8
116143.8
116368.1
116474.8
116497.211
116497.8
116817.8
116818.212
116861.2
116861.4
117061.2
117091.5
117229.4
117365.5
117424.4
117458.5
117461.3
117477.4
117596.5
117831.4
117902.5
118261.1
118670.8
118711.211
118711.8
118955.211
118955.8
119196.211
119196.8
119461.211
119461.8
119673.211
119673.8
119971.211
119971.8
120009.211
120009.8
120340.8
120341.212
120393.2
120393.4
120593.2
120630.5
120811.4
120825.5
120827.4
120887.5
120896.4
120986.5
120993.3
121793.1
122138.8
122740.8
122741.212
122784.2
122784.4
122984.2
123017.5
123220.4
123339.5
123384.3
124184.1
124327.8
124346.211
124346.8
124631.211
124631.8
124934.8
124935.212
124985.2
124985.4
125185.2
125211.5
125416.4
125547.5
125585.3
126385.1
127025.8
127370.8
127371.212
127422.2
127422.4
127622.2
127652.5
127753.4
127780.5
127785.4
127860.5
127905.4
128022.3
128099.5
128129.4
128222.5
128822.1
128878.4
128906.5
128955.8
129238.211
129238.8
129270.211
129270.8
129338.211
129338.8
129691.8
129692.212
129743.2
129743.4
129943.2
129971.5
130152.4
130276.5
130343.3
131143.1
132344.4
132399.5
132465.8
132817.8
132818.212
132859.2
132859.4
133059.2
133084.5
133409.4
133459.3
133539.5
133563.4
133642.5
134259.1
134308.8
134318.211
134318.8
134390.211
134390.8
134866.8
134867.212
134916.2
134916.4
135116.2
135140.5
135393.4
135513.5
135516.3
135913.4
135967.5
136279.8
136316.1
136546.8
136589.211
136589.8
136898.8
136899.212
136950.2
136950.4
137150.2
137164.5
137178.4
137181.5
137409.4
137550.3
137555.5
138350.1
138584.8
138598.211
138598.8
138899.8
138900.212
138942.2
138942.4
139142.2
139169.5
139412.4
139542.3
139564.5
140342.1
140785.8
140790.211
140790.8
140823.211
140823.8
140836.211
140836.8
140890.211
140890.8
140891.211
140891.8
140909.211
140909.8
141176.211
141176.8
141228.211
141228.8
141259.211
141259.8
141555.211
141555.8
141867.8
141868.212
141914.2
141914.4
142114.2
142126.5
142341.4
142491.5
142514.3
143314.1
143426.8
143476.211
143476.8
143733.211
143733.8
143738.211
143738.8
143773.211
143773.8
143792.211
143792.8
143796.211
143796.8
143832.211
143832.8
144093.211
144093.8
144101.211
144101.8
144123.211
144123.8
144383.211
144383.8
144400.211
144400.8
144694.211
144694.8
144952.211
144952.8
144993.211
144993.8
144998.211
144998.8
145279.211
145279.8
145313.211
145313.8
145562.211
145562.8
145616.211
145616.8
145839.211
145839.8
145853.211
145853.8
145870.211
145870.8
146119.211
146119.8
146468.8
146469.212
146518.2
146518.4
146718.2
146739.5
146935.4
147081.5
147118.3
147918.1
148571.8
148809.211
148809.8
149010.211
149010.8
149041.211
149041.8
149259.211
149259.8
149310.211
149310.8
149317.211
149317.8
149618.8
149619.212
149668.2
149668.4
149868.2
149897.5
150016.4
150138.5
150268.3
151068.1
151321.8
151353.211
151353.8
151987.8
151988.212
152031.2
152031.4
152231.2
152258.5
152474.4
152508.5
152510.4
152623.5
152631.3
153316.8
153431.1
153729.8
153778.211
153778.8
154036.211
154036.8
154068.211
154068.8
154160.211
154160.8
154371.211
154371.8
154400.211
154400.8
154432.211
154432.8
154487.211
154487.8
154504.211
154504.8
154923.8
154924.212
154968.2
154968.4
155168.2
155181.5
155449.4
155474.5
155480.4
155568.3
155590.5
156368.1
156663.8
156677.211
156677.8
156681.211
156681.8
156920.211
156920.8
156987.211
156987.8
157248.211
157248.8
157386.4
157414.5
157571.8
157572.212
157613.2
157613.4
157813.2
157844.5
158010.4
158034.5
158058.4
158060.5
158070.4
158091.5
158096.4
158123.5
158124.4
158213.3
158238.5
159013.1
159531.8
159535.211
159535.8
159962.8
159963.212
160008.2
160008.4
160208.2
160240.5
160424.4
160559.5
160608.3
161408.1
162201.8
162206.211
162206.8
162692.8
162693.212
162740.2
162740.4
162940.2
162959.5
163008.4
163012.5
163153.4
163259.5
163340.3
164140.1
164637.8
164656.211
164656.8
165120.4
165144.5
165225.8
165226.212
165271.2
165271.4
165471.2
165502.5
165683.4
165785.5
165871.3
166671.1
167756.4
167766.5
167770.4
167855.5
167871.4
167912.5
167985.8
168076.4
168345.5
168350.4
168360.5
168558.4
168625.5
168722.8
168723.212
168780.2
168780.4
168980.2
169011.5
169048.4
169058.5
169082.4
169101.5
169102.4
169104.5
169105.4
169142.5
169147.4
169170.5
169175.4
169352.5
169380.3
169385.4
169536.5
169617.4
169705.5
170180.1
170886.4
171033.5
171286.8
171528.4
171674.5
171693.4
171822.5
172457.8
172458.212
172511.2
172511.4
172711.2
172734.5
173009.4
173111.3
173274.5
173405.4
173420.5
173490.8
173911.1
174315.8
174354.211
174354.8
174357.211
174357.8
175074.8
175075.212
175120.2
175120.4
175320.2
175348.5
175595.4
175626.5
175627.4
175636.5
175640.4
175720.3
175861.5
175880.4
176115.5
176140.4
176270.5
176520.1
176630.8
176642.211
176642.8
176655.211
176655.8
176657.211
176657.8
177068.8
177069.212
177116.2
177116.4
177316.2
177349.5
177716.3
177873.4
177874.5
177883.4
177895.5
177959.4
177966.5
177967.4
178017.5
178149.4
178266.5
178516.1
178763.8
179487.8
179488.212
179532.2
179532.4
179732.2
180000.9
123456789
