4
07
17
4
07
17
0
0
0
1
14
25
00
14
58
00
6
2
2979
0
0
0
314159265
43
0
243
180000
314159265
0.1
329.6
393.211
393.6
434.211
434.6
514.211
514.6
621.211
621.6
653.211
653.6
696.211
696.6
737.211
737.6
777.211
777.6
833.211
833.6
874.211
874.6
951.211
951.6
998.211
998.6
1041.211
1041.6
1069.211
1069.6
1188.211
1188.6
1202.211
1202.6
1223.211
1223.6
1256.211
1256.6
1323.211
1323.6
1383.211
1383.6
1410.211
1410.6
1454.211
1454.6
1518.211
1518.6
1580.211
1580.6
1751.211
1751.6
1880.211
1880.6
1891.211
1891.6
1985.211
1985.6
2116.211
2116.6
2130.211
2130.6
2333.211
2333.6
2465.211
2465.6
2486.211
2486.6
2647.4
2655.5
2660.4
2701.5
2743.211
2743.6
2810.211
2810.6
2817.211
2817.6
2939.211
2939.6
3096.211
3096.6
3148.211
3148.6
3237.211
3237.6
3477.211
3477.6
3640.4
3641.5
4114.212
4114.6
4130.6
4310.2
4310.4
4510.3
4571.5
4582.4
4583.5
4584.4
4635.5
4643.4
4754.5
4759.4
4799.5
4861.4
4877.5
4935.6
5080.6
5225.6
5310.1
5374.6
5389.211
5389.6
5417.211
5417.6
5461.211
5461.6
5479.211
5479.6
5518.211
5518.6
5635.211
5635.6
5808.211
5808.6
5955.211
5955.6
5986.211
5986.6
6193.211
6193.6
6251.211
6251.6
6398.211
6398.6
6533.211
6533.6
6574.4
6588.5
6629.211
6629.6
6697.211
6697.6
6738.211
6738.6
6888.211
6888.6
6956.211
6956.6
6964.211
6964.6
7061.211
7061.6
7163.211
7163.6
7242.211
7242.6
7262.211
7262.6
7460.211
7460.6
7560.211
7560.6
7644.211
7644.6
7659.211
7659.6
7748.4
7753.5
7818.211
7818.6
7836.211
7836.6
8004.211
8004.6
8116.4
8129.5
8320.212
8320.6
8413.2
8413.4
8613.3
8635.5
8640.4
8649.5
8650.4
8658.5
8674.4
8696.5
8704.4
8710.5
8747.4
8798.5
8819.4
8851.5
8942.6
9041.6
9237.6
9276.6
9413.1
9586.6
9617.211
9617.6
9669.211
9669.6
9699.211
9699.6
9788.211
9788.6
9868.211
9868.6
9891.211
9891.6
9995.211
9995.6
10038.211
10038.6
10263.211
10263.6
10414.4
10427.5
10464.211
10464.6
10518.211
10518.6
10538.211
10538.6
10618.211
10618.6
10641.211
10641.6
10782.211
10782.6
10881.211
10881.6
10912.211
10912.6
11035.211
11035.6
11085.211
11085.6
11094.211
11094.6
11217.211
11217.6
11340.211
11340.6
11520.211
11520.6
11577.211
11577.6
11672.211
11672.6
11730.211
11730.6
12921.212
12921.6
12970.2
12970.4
13170.3
13206.5
13389.4
13415.5
13495.6
13626.6
13784.6
13970.1
14023.6
14052.211
14052.6
14092.211
14092.6
14134.211
14134.6
14280.211
14280.6
14385.211
14385.6
14451.211
14451.6
14493.211
14493.6
14624.211
14624.6
14705.211
14705.6
14766.211
14766.6
14851.211
14851.6
14861.211
14861.6
14994.211
14994.6
15043.211
15043.6
15154.211
15154.6
15263.211
15263.6
15328.211
15328.6
15429.211
15429.6
15457.211
15457.6
15484.211
15484.6
15534.211
15534.6
15811.211
15811.6
15849.211
15849.6
15960.211
15960.6
16000.211
16000.6
16053.211
16053.6
16156.211
16156.6
16208.211
16208.6
16341.211
16341.6
16370.211
16370.6
16512.211
16512.6
16617.211
16617.6
16746.4
16798.5
16914.211
16914.6
16923.211
16923.6
17138.4
17155.5
17207.211
17207.6
17233.211
17233.6
17243.211
17243.6
17279.211
17279.6
17312.211
17312.6
17629.212
17629.6
17681.2
17681.4
17881.3
17916.5
18078.4
18092.5
18177.6
18328.6
18334.6
18532.6
18681.1
18694.6
18731.211
18731.6
18771.211
18771.6
18815.211
18815.6
18993.211
18993.6
19078.211
19078.6
19216.211
19216.6
19390.211
19390.6
19476.211
19476.6
19529.211
19529.6
19599.211
19599.6
19708.211
19708.6
19806.211
19806.6
19841.211
19841.6
19867.211
19867.6
19978.211
19978.6
20129.211
20129.6
20150.211
20150.6
20254.211
20254.6
20377.211
20377.6
20418.211
20418.6
20462.211
20462.6
20643.211
20643.6
20776.211
20776.6
20787.211
20787.6
20932.211
20932.6
21000.4
21004.5
21044.211
21044.6
21072.211
21072.6
21204.211
21204.6
21355.211
21355.6
21618.211
21618.6
21687.211
21687.6
21815.211
21815.6
21905.211
21905.6
21995.211
21995.6
22094.211
22094.6
22181.211
22181.6
22364.211
22364.6
22539.211
22539.6
22566.211
22566.6
22615.211
22615.6
22842.211
22842.6
22901.211
22901.6
23081.211
23081.6
23153.211
23153.6
23251.211
23251.6
23478.211
23478.6
23538.211
23538.6
23587.211
23587.6
23738.211
23738.6
23795.211
23795.6
24030.211
24030.6
24111.211
24111.6
24296.211
24296.6
24340.211
24340.6
24553.211
24553.6
24710.4
24802.5
24858.212
24858.6
24934.2
24934.4
25134.3
25167.5
25170.4
25172.5
25174.4
25176.5
25198.4
25251.5
25293.4
25328.5
25390.6
25606.6
25701.6
25776.6
25934.1
25973.6
26069.211
26069.6
26095.211
26095.6
26108.211
26108.6
26233.211
26233.6
26288.211
26288.6
26329.211
26329.6
26419.211
26419.6
26519.4
26534.5
26578.211
26578.6
26749.211
26749.6
26829.211
26829.6
26909.211
26909.6
26959.211
26959.6
27196.211
27196.6
27278.211
27278.6
27363.211
27363.6
27420.211
27420.6
27523.211
27523.6
27711.211
27711.6
27790.4
27807.5
27852.211
27852.6
28014.4
28017.5
28043.4
28065.5
28149.211
28149.6
28195.211
28195.6
28210.211
28210.6
28251.211
28251.6
28264.211
28264.6
28363.211
28363.6
28478.211
28478.6
28519.211
28519.6
28671.211
28671.6
28765.211
28765.6
28829.211
28829.6
29123.211
29123.6
29192.211
29192.6
29640.212
29640.6
29689.2
29689.4
29889.3
29925.5
30133.6
30689.1
30951.6
31030.211
31030.6
31122.211
31122.6
31188.211
31188.6
31195.211
31195.6
31263.211
31263.6
31397.211
31397.6
31404.211
31404.6
31508.211
31508.6
31619.211
31619.6
31712.211
31712.6
31744.211
31744.6
31859.4
31868.5
31915.211
31915.6
31946.211
31946.6
32063.211
32063.6
32143.211
32143.6
32278.211
32278.6
32296.211
32296.6
32363.211
32363.6
32570.211
32570.6
32712.211
32712.6
33006.211
33006.6
33130.211
33130.6
33208.211
33208.6
33253.211
33253.6
33576.212
33576.6
33618.2
33618.4
33818.3
33859.5
34323.6
34372.6
34410.6
34455.6
34562.6
34586.6
34618.1
34634.6
34708.211
34708.6
34869.211
34869.6
34952.211
34952.6
35062.211
35062.6
35103.211
35103.6
35192.211
35192.6
35208.211
35208.6
35233.211
35233.6
35248.211
35248.6
35303.211
35303.6
35326.211
35326.6
35458.211
35458.6
35470.211
35470.6
35622.211
35622.6
35630.211
35630.6
35917.211
35917.6
35984.211
35984.6
36071.211
36071.6
36154.211
36154.6
36213.211
36213.6
36280.211
36280.6
36301.211
36301.6
36433.211
36433.6
36445.211
36445.6
36573.211
36573.6
36685.211
36685.6
36762.211
36762.6
36856.211
36856.6
37070.211
37070.6
37080.211
37080.6
37128.211
37128.6
37147.211
37147.6
37277.211
37277.6
37493.211
37493.6
37502.211
37502.6
37784.211
37784.6
38000.211
38000.6
38094.211
38094.6
38245.211
38245.6
38676.4
38717.5
38818.212
38818.6
38863.2
38863.4
39063.3
39095.5
39187.4
39193.5
39283.6
39486.4
39500.5
39501.4
39520.5
39622.6
39714.6
39728.6
39855.6
39863.1
39914.6
39975.211
39975.6
40100.211
40100.6
40205.4
40214.5
40307.211
40307.6
40388.211
40388.6
40420.211
40420.6
40584.211
40584.6
40881.211
40881.6
40913.211
40913.6
40980.211
40980.6
41089.211
41089.6
41138.211
41138.6
41314.211
41314.6
41512.211
41512.6
41789.211
41789.6
41805.211
41805.6
41862.211
41862.6
41903.211
41903.6
41937.211
41937.6
41969.211
41969.6
42151.211
42151.6
42187.211
42187.6
42219.211
42219.6
42229.211
42229.6
42573.212
42573.6
42617.2
42617.4
42817.3
42845.5
42847.4
42854.5
42995.4
43020.5
43062.4
43148.5
43184.4
43197.5
43276.6
43575.6
43603.6
43617.1
43681.6
43746.211
43746.6
43757.211
43757.6
43789.211
43789.6
43838.211
43838.6
43994.211
43994.6
44053.211
44053.6
44178.211
44178.6
44188.211
44188.6
44221.211
44221.6
44237.211
44237.6
44297.211
44297.6
44420.211
44420.6
44451.211
44451.6
44620.211
44620.6
44870.211
44870.6
44914.211
44914.6
45001.211
45001.6
45013.211
45013.6
45216.4
45224.5
45298.211
45298.6
45309.211
45309.6
45343.211
45343.6
45372.211
45372.6
45444.211
45444.6
45665.211
45665.6
45677.211
45677.6
45726.211
45726.6
46044.212
46044.6
46088.2
46088.4
46288.3
46313.5
46317.4
46318.5
46764.4
46783.5
46852.6
46909.6
46985.6
47088.1
47115.6
47123.211
47123.6
47135.211
47135.6
47153.211
47153.6
47184.211
47184.6
47245.211
47245.6
47361.211
47361.6
47432.211
47432.6
47512.211
47512.6
47677.211
47677.6
47902.211
47902.6
47940.211
47940.6
48027.211
48027.6
48115.211
48115.6
48252.211
48252.6
48296.211
48296.6
48471.211
48471.6
48508.211
48508.6
48565.211
48565.6
48592.211
48592.6
48665.211
48665.6
48814.211
48814.6
48972.211
48972.6
49204.211
49204.6
49240.211
49240.6
49322.211
49322.6
49431.211
49431.6
49485.211
49485.6
49524.211
49524.6
49587.211
49587.6
49632.211
49632.6
49687.211
49687.6
49703.211
49703.6
49799.211
49799.6
49867.211
49867.6
49930.211
49930.6
50014.211
50014.6
50067.4
50128.5
50183.211
50183.6
50234.211
50234.6
50290.4
50329.5
50383.211
50383.6
50459.4
50462.5
50499.211
50499.6
50589.211
50589.6
50713.211
50713.6
50885.211
50885.6
50978.211
50978.6
51043.4
51047.5
51074.4
51108.5
51117.4
51130.5
51163.4
51189.5
51233.211
51233.6
51297.211
51297.6
51352.211
51352.6
51514.211
51514.6
51753.211
51753.6
51911.4
51956.5
52016.211
52016.6
52148.211
52148.6
52451.212
52451.6
52494.2
52494.4
52694.3
52721.5
52746.4
52752.5
52772.4
52773.5
52884.4
52893.5
52925.4
52953.5
52996.4
53015.5
53303.6
53458.6
53494.1
53565.6
53624.211
53624.6
53678.211
53678.6
53704.211
53704.6
53931.211
53931.6
53972.211
53972.6
54051.211
54051.6
54122.211
54122.6
54161.211
54161.6
54192.211
54192.6
54277.211
54277.6
54391.211
54391.6
54478.211
54478.6
54506.211
54506.6
54711.211
54711.6
54732.211
54732.6
54764.211
54764.6
54806.211
54806.6
54817.211
54817.6
54914.211
54914.6
55006.211
55006.6
55056.211
55056.6
55110.211
55110.6
55330.211
55330.6
55344.211
55344.6
55374.211
55374.6
55474.211
55474.6
55672.211
55672.6
55797.4
55811.5
55911.211
55911.6
55919.211
55919.6
56007.211
56007.6
56269.211
56269.6
56312.211
56312.6
56385.211
56385.6
56462.211
56462.6
56527.211
56527.6
56595.211
56595.6
56855.211
56855.6
58286.212
58286.6
58331.2
58331.4
58531.3
58555.5
58599.4
58606.5
58755.4
58760.5
58789.4
58830.5
59043.6
59331.1
59395.6
59427.211
59427.6
59475.211
59475.6
59508.211
59508.6
59560.211
59560.6
59931.212
59931.6
59979.2
59979.4
60179.3
60208.5
60669.6
60979.1
61033.6
61059.211
61059.6
61096.211
61096.6
61132.211
61132.6
61173.211
61173.6
61252.211
61252.6
61260.211
61260.6
61288.211
61288.6
61474.211
61474.6
61529.211
61529.6
61607.211
61607.6
61692.211
61692.6
61719.211
61719.6
61795.211
61795.6
61849.211
61849.6
61882.211
61882.6
62006.211
62006.6
62167.211
62167.6
62202.211
62202.6
62263.211
62263.6
62310.211
62310.6
62564.211
62564.6
62604.211
62604.6
62626.211
62626.6
62734.211
62734.6
62786.211
62786.6
62809.211
62809.6
62854.211
62854.6
62969.211
62969.6
63218.211
63218.6
63236.211
63236.6
63323.211
63323.6
63524.4
63538.5
63546.4
63551.5
63601.211
63601.6
63673.211
63673.6
63812.211
63812.6
63950.211
63950.6
64240.211
64240.6
64252.211
64252.6
64310.211
64310.6
64612.212
64612.6
64658.2
64658.4
64858.3
64886.5
64891.4
64897.5
64979.4
64989.5
65415.6
65658.1
65734.6
65777.211
65777.6
65857.211
65857.6
65934.211
65934.6
66037.211
66037.6
66095.211
66095.6
66264.211
66264.6
66376.211
66376.6
66521.211
66521.6
66560.211
66560.6
66628.4
66656.5
66806.211
66806.6
67085.211
67085.6
67125.211
67125.6
67149.211
67149.6
67246.211
67246.6
67278.211
67278.6
67378.211
67378.6
67413.211
67413.6
67650.211
67650.6
67724.211
67724.6
67740.211
67740.6
67888.211
67888.6
67936.211
67936.6
68053.211
68053.6
68065.211
68065.6
68098.211
68098.6
68334.211
68334.6
68390.211
68390.6
68520.211
68520.6
68588.4
68649.5
68666.4
68735.5
68752.4
68768.5
68774.4
68779.5
68783.4
68835.5
68958.212
68958.6
69019.2
69019.4
69219.3
69241.5
69245.4
69246.5
69249.4
69251.5
69616.6
70019.1
70172.6
70275.211
70275.6
70320.211
70320.6
70355.211
70355.6
70382.211
70382.6
70668.211
70668.6
70772.211
70772.6
70823.211
70823.6
70923.211
70923.6
70994.211
70994.6
71051.211
71051.6
71133.4
71165.5
71229.211
71229.6
71278.211
71278.6
71423.211
71423.6
71529.211
71529.6
71593.211
71593.6
71838.211
71838.6
71918.211
71918.6
72008.211
72008.6
72077.4
72092.5
72136.211
72136.6
72296.211
72296.6
72371.211
72371.6
72510.211
72510.6
72550.4
72574.5
72588.4
72611.5
72664.211
72664.6
72792.211
72792.6
72908.211
72908.6
72978.4
72982.5
73033.211
73033.6
73087.211
73087.6
73353.211
73353.6
73529.211
73529.6
73644.211
73644.6
73774.211
73774.6
73946.211
73946.6
74271.212
74271.6
74318.2
74318.4
74518.3
74544.5
75318.1
75331.6
75364.211
75364.6
75453.211
75453.6
75487.211
75487.6
75548.211
75548.6
75783.211
75783.6
75831.211
75831.6
75913.211
75913.6
76102.211
76102.6
76148.211
76148.6
76188.211
76188.6
76497.212
76497.6
76553.2
76553.4
76753.3
76777.5
77213.4
77226.5
77279.6
77287.6
77361.6
77425.4
77459.5
77497.4
77512.5
77552.4
77553.1
77568.5
77633.6
77682.211
77682.6
77692.211
77692.6
77730.211
77730.6
77754.211
77754.6
77836.211
77836.6
77935.4
77949.5
78012.211
78012.6
78178.211
78178.6
78354.4
78357.5
78490.212
78490.6
78530.2
78530.4
78730.3
78757.5
78826.4
78827.5
79057.4
79090.5
79154.6
79208.6
79530.1
79737.6
79772.211
79772.6
79836.211
79836.6
79999.211
79999.6
80102.211
80102.6
80218.211
80218.6
80324.4
80327.5
80390.211
80390.6
80460.211
80460.6
80807.212
80807.6
80817.6
80852.2
80852.4
81052.3
81084.5
81252.4
81255.5
81257.4
81262.5
81667.6
81719.6
81852.1
81941.6
82117.211
82117.6
82165.211
82165.6
82286.211
82286.6
82384.211
82384.6
82504.211
82504.6
82620.211
82620.6
82691.211
82691.6
82763.211
82763.6
82858.211
82858.6
82997.211
82997.6
83039.211
83039.6
83263.211
83263.6
83305.211
83305.6
83353.211
83353.6
83459.211
83459.6
83559.211
83559.6
83669.211
83669.6
83692.211
83692.6
83786.211
83786.6
83956.211
83956.6
84159.211
84159.6
84219.211
84219.6
84290.211
84290.6
84490.211
84490.6
84528.211
84528.6
84565.211
84565.6
84632.4
84646.5
84716.211
84716.6
84756.211
84756.6
84852.211
84852.6
84993.211
84993.6
85027.211
85027.6
85200.211
85200.6
85302.211
85302.6
85507.211
85507.6
85613.211
85613.6
85703.211
85703.6
85998.211
85998.6
86066.211
86066.6
86186.211
86186.6
86431.211
86431.6
88320.212
88320.6
88371.2
88371.4
88571.3
88590.5
89371.1
89501.6
89583.211
89583.6
89661.211
89661.6
89699.211
89699.6
89787.211
89787.6
90019.4
90039.5
90092.212
90092.6
90138.2
90138.4
90338.3
90364.5
90365.4
90372.5
91095.6
91138.1
91180.6
91279.211
91279.6
91355.211
91355.6
91411.4
91443.5
91449.4
91517.5
91613.211
91613.6
91669.4
91791.5
91925.4
91981.5
91987.4
92008.5
92148.212
92148.6
92199.2
92199.4
92399.3
92410.5
92542.4
92551.5
92619.4
92682.5
92816.6
93199.1
93219.6
93258.211
93258.6
93327.211
93327.6
93557.211
93557.6
93597.211
93597.6
93715.211
93715.6
93850.211
93850.6
93878.211
93878.6
93975.4
93977.5
94057.211
94057.6
94299.211
94299.6
94350.211
94350.6
94452.211
94452.6
94547.211
94547.6
94570.211
94570.6
94622.211
94622.6
94646.211
94646.6
94792.211
94792.6
94820.211
94820.6
94964.4
94987.5
94988.4
94989.5
95062.211
95062.6
95120.211
95120.6
95197.211
95197.6
95416.211
95416.6
95482.211
95482.6
95525.211
95525.6
95559.211
95559.6
95660.211
95660.6
95779.211
95779.6
95832.211
95832.6
95965.211
95965.6
95974.211
95974.6
96014.211
96014.6
96040.211
96040.6
96139.211
96139.6
96171.211
96171.6
96270.211
96270.6
96309.211
96309.6
96428.4
96455.5
96471.4
96491.5
96492.4
96495.5
96516.4
96550.5
96598.211
96598.6
96796.211
96796.6
96863.211
96863.6
97145.211
97145.6
97190.4
97261.5
97324.211
97324.6
97362.211
97362.6
97469.211
97469.6
97571.211
97571.6
97582.211
97582.6
97654.211
97654.6
97815.211
97815.6
97951.211
97951.6
98069.4
98071.5
98073.4
98077.5
98157.211
98157.6
98322.211
98322.6
98419.211
98419.6
98531.4
98578.5
98603.4
98607.5
98661.211
98661.6
98703.211
98703.6
98904.211
98904.6
98990.211
98990.6
99365.212
99365.6
99418.2
99418.4
99618.3
99640.5
99772.4
99782.5
99839.4
99855.5
100082.6
100396.6
100418.1
100440.6
100503.211
100503.6
100545.211
100545.6
100596.4
100606.5
100660.211
100660.6
100687.211
100687.6
100851.211
100851.6
100912.211
100912.6
101113.211
101113.6
101233.211
101233.6
101325.211
101325.6
101579.4
101582.5
101654.212
101654.6
101710.2
101710.4
101910.3
101939.5
101962.4
101963.5
101969.4
101971.5
101972.4
101974.5
102088.4
102120.5
102214.6
102661.4
102667.5
102710.1
102745.6
102772.211
102772.6
102836.211
102836.6
103071.211
103071.6
103144.211
103144.6
103261.211
103261.6
103297.211
103297.6
103398.211
103398.6
103621.211
103621.6
103720.211
103720.6
103769.211
103769.6
104034.211
104034.6
104060.211
104060.6
104113.211
104113.6
104176.211
104176.6
104219.211
104219.6
104306.211
104306.6
104422.211
104422.6
104472.211
104472.6
104557.211
104557.6
104636.211
104636.6
104832.211
104832.6
104871.211
104871.6
104916.211
104916.6
104965.211
104965.6
105066.211
105066.6
105095.211
105095.6
105134.211
105134.6
105241.211
105241.6
105278.211
105278.6
105402.211
105402.6
105516.211
105516.6
105622.4
105650.5
105733.211
105733.6
105786.211
105786.6
105796.211
105796.6
106136.212
106136.6
106188.2
106188.4
106388.3
106415.5
107188.1
107243.6
107287.211
107287.6
107374.211
107374.6
107463.211
107463.6
107496.211
107496.6
107510.211
107510.6
107626.211
107626.6
107660.211
107660.6
107771.211
107771.6
107805.211
107805.6
107891.211
107891.6
108050.211
108050.6
108084.211
108084.6
108216.211
108216.6
108444.211
108444.6
108499.211
108499.6
108537.211
108537.6
108767.211
108767.6
108798.211
108798.6
108816.211
108816.6
108866.211
108866.6
108926.211
108926.6
108977.211
108977.6
109033.211
109033.6
109133.211
109133.6
109251.211
109251.6
109466.211
109466.6
109515.211
109515.6
109595.211
109595.6
109674.211
109674.6
109800.211
109800.6
109841.211
109841.6
109874.211
109874.6
109969.211
109969.6
110159.211
110159.6
110333.4
110340.5
110392.211
110392.6
110543.4
110550.5
110929.212
110929.6
110987.2
110987.4
111187.3
111193.5
111987.1
112090.6
112137.211
112137.6
112170.211
112170.6
112329.211
112329.6
112370.211
112370.6
112639.211
112639.6
112767.211
112767.6
112829.4
112866.5
112934.211
112934.6
112988.211
112988.6
113065.4
113095.5
113164.211
113164.6
113261.4
113269.5
113465.212
113465.6
113522.2
113522.4
113722.3
113750.5
114295.4
114297.5
114363.6
114522.1
114641.6
114716.211
114716.6
114885.211
114885.6
114937.211
114937.6
115036.4
115046.5
115062.4
115070.5
115076.4
115086.5
115088.4
115097.5
115158.211
115158.6
115249.211
115249.6
115351.211
115351.6
115502.211
115502.6
115529.211
115529.6
115708.211
115708.6
115773.211
115773.6
115801.211
115801.6
115896.211
115896.6
115990.211
115990.6
116018.211
116018.6
116088.211
116088.6
118173.212
118173.6
118213.2
118213.4
118413.3
118425.5
118427.4
118434.5
118464.4
118471.5
118853.6
119161.6
119205.6
119213.1
119256.6
119333.211
119333.6
119368.211
119368.6
119453.211
119453.6
119560.211
119560.6
119694.211
119694.6
119857.211
119857.6
119929.211
119929.6
120021.211
120021.6
120102.211
120102.6
120167.211
120167.6
120323.211
120323.6
120607.211
120607.6
120656.211
120656.6
120711.211
120711.6
120898.211
120898.6
121014.211
121014.6
121034.211
121034.6
121169.211
121169.6
121262.211
121262.6
121402.211
121402.6
121454.211
121454.6
121502.211
121502.6
121639.4
121641.5
121707.211
121707.6
121825.211
121825.6
122008.211
122008.6
122045.211
122045.6
122226.211
122226.6
122316.211
122316.6
122530.211
122530.6
122575.211
122575.6
122654.211
122654.6
122680.211
122680.6
122898.211
122898.6
122927.211
122927.6
123053.211
123053.6
123092.211
123092.6
123278.211
123278.6
123364.211
123364.6
123738.212
123738.6
123780.2
123780.4
123980.3
124006.5
124177.4
124196.5
124259.4
124266.5
124316.4
124362.5
124368.4
124372.5
124396.4
124455.5
124458.4
124502.5
124505.4
124583.5
124587.4
124601.5
124650.4
124656.5
124664.4
124682.5
124754.6
124780.1
124846.4
124879.5
124993.6
125119.211
125119.6
125208.4
125254.5
125333.211
125333.6
125418.211
125418.6
125722.212
125722.6
125764.2
125764.4
125964.3
125988.5
126581.6
126764.1
126861.6
126913.211
126913.6
127066.211
127066.6
127106.211
127106.6
127227.211
127227.6
127397.211
127397.6
127474.211
127474.6
127536.4
127543.5
127597.211
127597.6
127742.211
127742.6
127876.4
127890.5
127932.211
127932.6
127973.211
127973.6
128085.211
128085.6
128322.211
128322.6
128376.211
128376.6
128435.211
128435.6
128465.211
128465.6
128511.4
128514.5
128568.211
128568.6
128687.211
128687.6
128797.211
128797.6
128804.211
128804.6
128871.211
128871.6
129151.211
129151.6
129196.211
129196.6
129248.211
129248.6
129365.211
129365.6
129420.4
129424.5
129495.211
129495.6
129542.211
129542.6
129605.211
129605.6
129643.211
129643.6
129719.211
129719.6
129825.211
129825.6
129912.211
129912.6
130041.211
130041.6
130140.211
130140.6
130258.211
130258.6
130299.211
130299.6
130405.211
130405.6
130484.211
130484.6
130578.211
130578.6
130861.211
130861.6
130904.211
130904.6
131006.211
131006.6
131076.211
131076.6
131276.211
131276.6
131386.211
131386.6
131538.211
131538.6
131681.211
131681.6
131794.211
131794.6
131823.211
131823.6
131986.211
131986.6
132134.211
132134.6
132199.4
132210.5
132268.211
132268.6
132306.211
132306.6
132353.211
132353.6
132400.211
132400.6
132490.211
132490.6
132667.211
132667.6
132797.4
132822.5
132913.211
132913.6
132938.211
132938.6
132990.4
133024.5
133176.211
133176.6
133254.211
133254.6
133331.211
133331.6
133375.4
133413.5
133502.211
133502.6
133710.211
133710.6
133748.211
133748.6
133848.211
133848.6
133887.211
133887.6
133951.4
133971.5
134158.211
134158.6
134227.211
134227.6
134330.211
134330.6
134611.211
134611.6
134936.212
134936.6
134978.2
134978.4
135178.3
135205.5
135249.4
135253.5
135532.4
135534.5
135535.4
135557.5
135978.1
136073.6
136121.211
136121.6
136201.211
136201.6
136246.211
136246.6
136319.4
136328.5
136406.211
136406.6
136486.211
136486.6
136578.211
136578.6
136672.211
136672.6
136790.211
136790.6
136841.211
136841.6
136887.4
136906.5
136913.4
136923.5
136975.211
136975.6
137009.211
137009.6
137204.211
137204.6
137467.211
137467.6
137533.211
137533.6
137747.211
137747.6
137859.211
137859.6
138112.211
138112.6
138152.211
138152.6
138192.211
138192.6
138364.211
138364.6
138648.211
138648.6
138794.211
138794.6
138897.211
138897.6
139117.211
139117.6
139153.211
139153.6
139182.211
139182.6
139348.211
139348.6
139417.211
139417.6
139447.211
139447.6
139513.211
139513.6
139916.212
139916.6
139960.2
139960.4
140160.3
140188.5
140871.6
140960.1
140968.6
141060.4
141065.5
141111.211
141111.6
141189.211
141189.6
141224.211
141224.6
141258.211
141258.6
141340.211
141340.6
141418.211
141418.6
141582.211
141582.6
141616.211
141616.6
141694.4
141722.5
141790.211
141790.6
143849.212
143849.6
143892.2
143892.4
144092.3
144112.5
144306.4
144314.5
144811.6
144889.6
144892.1
144961.6
145043.211
145043.6
145123.211
145123.6
145198.211
145198.6
145510.212
145510.6
145550.2
145550.4
145750.3
145769.5
146550.1
146645.6
146705.211
146705.6
146792.211
146792.6
146880.211
146880.6
146988.211
146988.6
147048.211
147048.6
147087.211
147087.6
147336.211
147336.6
147373.211
147373.6
147599.211
147599.6
147634.211
147634.6
147698.211
147698.6
147966.211
147966.6
148011.211
148011.6
148127.211
148127.6
148251.211
148251.6
148282.211
148282.6
148336.211
148336.6
148439.4
148442.5
148505.211
148505.6
148746.211
148746.6
148798.211
148798.6
148823.211
148823.6
148904.211
148904.6
148994.211
148994.6
149119.211
149119.6
149509.212
149509.6
149550.2
149550.4
149750.3
149771.5
149793.4
149794.5
149813.4
149818.5
149828.4
149830.5
150422.6
150550.1
150852.6
150890.211
150890.6
150949.211
150949.6
151190.211
151190.6
151456.211
151456.6
151540.211
151540.6
151925.212
151925.6
151972.2
151972.4
152172.3
152199.5
152479.4
152491.5
152530.4
152561.5
152972.1
153125.6
153166.211
153166.6
153413.211
153413.6
153746.212
153746.6
153788.2
153788.4
153988.3
154011.5
154788.1
154859.6
154934.211
154934.6
155017.211
155017.6
155228.211
155228.6
155347.211
155347.6
155379.211
155379.6
155679.211
155679.6
155711.211
155711.6
155786.211
155786.6
155822.211
155822.6
155958.211
155958.6
155976.211
155976.6
156138.211
156138.6
156229.211
156229.6
156343.211
156343.6
156441.211
156441.6
156642.4
156654.5
156697.211
156697.6
156795.211
156795.6
157049.211
157049.6
157089.211
157089.6
157210.4
157222.5
157244.4
157254.5
157316.211
157316.6
157421.211
157421.6
157542.211
157542.6
157579.211
157579.6
157851.211
157851.6
158000.211
158000.6
158056.211
158056.6
158115.211
158115.6
158228.211
158228.6
158471.211
158471.6
158552.211
158552.6
158600.211
158600.6
158831.211
158831.6
158892.211
158892.6
158961.211
158961.6
159149.211
159149.6
159234.211
159234.6
159311.4
159410.5
159431.4
159502.5
159504.4
159651.5
159855.212
159855.6
159909.2
159909.4
160109.3
160109.5
160116.4
160117.5
160124.4
160128.5
160160.4
160165.5
160344.4
160356.5
160654.4
160659.5
160713.4
160722.5
160807.6
160909.1
161270.6
161471.211
161471.6
161503.211
161503.6
161624.4
161642.5
161705.211
161705.6
161804.211
161804.6
161876.211
161876.6
161948.211
161948.6
162001.4
162028.5
162069.211
162069.6
162302.211
162302.6
162376.211
162376.6
162418.211
162418.6
162505.211
162505.6
162525.211
162525.6
162715.211
162715.6
162836.211
162836.6
163091.211
163091.6
163127.211
163127.6
163228.211
163228.6
163289.211
163289.6
163453.211
163453.6
163812.212
163812.6
163862.2
163862.4
164062.3
164076.5
164118.4
164120.5
164143.4
164146.5
164862.1
164926.6
164961.211
164961.6
165039.211
165039.6
165065.211
165065.6
165292.211
165292.6
165560.211
165560.6
165765.211
165765.6
165849.211
165849.6
165879.211
165879.6
165895.211
165895.6
165979.211
165979.6
166003.211
166003.6
166159.211
166159.6
166219.211
166219.6
166294.4
166318.5
166328.4
166342.5
166416.211
166416.6
166470.211
166470.6
166752.4
166754.5
166813.212
166813.6
166862.2
166862.4
167062.3
167082.5
167862.1
168055.6
168094.211
168094.6
168142.211
168142.6
168231.211
168231.6
168295.211
168295.6
168470.211
168470.6
168533.211
168533.6
168606.211
168606.6
168797.4
168809.5
168929.212
168929.6
168977.2
168977.4
169177.3
169183.5
169223.4
169224.5
169236.4
169238.5
169245.4
169251.5
169345.4
169349.5
169645.6
169977.1
170027.6
170055.211
170055.6
170071.211
170071.6
170982.212
170982.6
171029.2
171029.4
171229.3
171245.5
171326.4
171330.5
171673.6
171732.4
171803.5
171813.4
171844.5
171934.6
172029.1
172148.6
172183.211
172183.6
172196.211
172196.6
172318.211
172318.6
172421.211
172421.6
172526.211
172526.6
172589.211
172589.6
172755.211
172755.6
173104.212
173104.6
173141.2
173141.4
173341.3
173354.5
173356.4
173363.5
173373.4
173374.5
174000.6
174141.1
174299.6
174366.211
174366.6
174402.211
174402.6
174412.211
174412.6
174449.211
174449.6
174565.211
174565.6
174728.211
174728.6
174809.211
174809.6
174841.211
174841.6
175059.211
175059.6
175160.211
175160.6
175194.211
175194.6
175250.211
175250.6
175298.211
175298.6
175304.211
175304.6
175459.211
175459.6
175507.211
175507.6
175634.211
175634.6
175662.211
175662.6
175890.211
175890.6
175936.211
175936.6
175983.211
175983.6
176042.211
176042.6
176103.211
176103.6
176144.211
176144.6
176245.211
176245.6
176366.211
176366.6
176431.211
176431.6
176488.211
176488.6
176688.211
176688.6
176721.211
176721.6
176804.211
176804.6
176823.211
176823.6
177055.211
177055.6
177147.211
177147.6
177274.211
177274.6
177386.211
177386.6
177519.211
177519.6
177606.211
177606.6
177698.211
177698.6
177971.211
177971.6
178124.211
178124.6
178294.211
178294.6
178407.211
178407.6
178578.211
178578.6
178814.211
178814.6
178859.211
178859.6
178945.211
178945.6
179065.211
179065.6
179118.211
179118.6
179383.211
179383.6
179441.211
179441.6
179675.211
179675.6
179689.211
179689.6
179738.211
179738.6
179781.211
179781.6
179803.211
179803.6
179858.211
179858.6
179964.211
180000.9
123456789
4
08
17
4
08
17
0
0
0
1
14
26
24
14
59
23
6
2
2458
0
0
0
314159265
56
0
214
180000
314159265
0.1
632.6
682.211
682.6
908.211
908.6
949.211
949.6
1408.6
1409.212
1465.2
1465.4
1665.2
1696.5
1823.4
1829.5
1857.4
1946.5
2065.3
2196.6
2350.6
2461.6
2465.1
2738.6
2855.211
2855.6
2951.211
2951.6
3164.211
3164.6
3307.4
3310.5
3328.4
3416.5
3491.6
3492.212
3551.2
3551.4
3751.2
3758.5
3761.4
3766.5
3917.4
3924.5
3925.4
3948.5
3990.4
4029.5
4045.4
4057.5
4058.4
4128.5
4134.4
4136.5
4138.4
4151.3
4175.5
4182.4
4551.1
4661.5
4678.4
4704.5
4881.6
4944.211
4944.6
4976.211
4976.6
5627.6
5628.212
5680.2
5680.4
5880.2
5893.5
5894.4
5895.5
6115.4
6145.5
6221.6
6280.3
6405.6
6556.6
6632.6
6680.1
6768.6
6815.211
6815.6
6873.211
6873.6
6925.211
6925.6
7061.211
7061.6
7287.211
7287.6
7381.211
7381.6
7673.211
7673.6
7684.211
7684.6
7856.211
7856.6
7997.211
7997.6
8445.6
8446.212
8499.2
8499.4
8699.2
8702.5
8769.4
8777.5
8848.4
8855.5
8860.4
8868.5
8901.4
8973.5
8976.4
8989.5
8995.4
9065.5
9099.3
9121.6
9197.6
9430.6
9494.6
9499.1
9529.6
9669.211
9669.6
9763.211
9763.6
9970.211
9970.6
10013.211
10013.6
10065.211
10065.6
10128.211
10128.6
10704.6
10705.212
10754.2
10754.4
10948.5
10951.4
10953.5
10954.2
11150.4
11227.5
11234.4
11255.5
11329.6
11354.3
11369.6
11401.6
11754.1
12576.6
12603.211
12603.6
12641.211
12641.6
12702.211
12702.6
12741.211
12741.6
12774.211
12774.6
12869.211
12869.6
13043.211
13043.6
13149.211
13149.6
13259.211
13259.6
13501.211
13501.6
13538.211
13538.6
13632.211
13632.6
13675.211
13675.6
13807.211
13807.6
13957.211
13957.6
14008.211
14008.6
14273.211
14273.6
14465.211
14465.6
14541.211
14541.6
14700.211
14700.6
14735.211
14735.6
14853.211
14853.6
14983.211
14983.6
15045.211
15045.6
15110.211
15110.6
15269.211
15269.6
15381.211
15381.6
15409.211
15409.6
15429.211
15429.6
15873.6
15874.212
15930.2
15930.4
16122.5
16130.2
16400.6
16530.3
16891.6
16930.1
16958.6
17177.211
17177.6
17359.211
17359.6
17554.211
17554.6
17649.211
17649.6
17760.211
17760.6
17960.211
17960.6
18020.211
18020.6
18063.211
18063.6
18071.211
18071.6
18145.211
18145.6
18279.211
18279.6
18319.211
18319.6
18408.211
18408.6
18540.211
18540.6
18571.211
18571.6
18625.211
18625.6
18774.211
18774.6
18809.211
18809.6
18900.211
18900.6
18916.211
18916.6
18970.211
18970.6
19062.211
19062.6
19095.211
19095.6
19295.4
19297.5
19370.211
19370.6
19419.211
19419.6
19462.211
19462.6
19623.211
19623.6
19692.211
19692.6
19800.211
19800.6
20141.6
20142.212
20197.2
20197.4
20397.2
20402.5
20574.4
20583.5
20623.4
20692.5
20696.4
20797.3
20836.5
20873.4
20921.5
20987.6
21103.6
21192.6
21197.1
21220.6
21249.211
21249.6
21330.211
21330.6
21526.211
21526.6
21567.211
21567.6
21582.211
21582.6
21656.211
21656.6
21716.211
21716.6
21787.211
21787.6
21845.211
21845.6
21901.211
21901.6
21974.211
21974.6
22034.211
22034.6
22123.211
22123.6
22229.211
22229.6
22368.211
22368.6
22394.211
22394.6
22437.211
22437.6
22675.211
22675.6
22925.211
22925.6
23022.211
23022.6
23064.211
23064.6
23390.6
23391.212
23436.2
23436.4
23630.5
23636.2
23812.4
23818.5
23973.6
24036.3
24086.6
24436.1
25301.6
25374.211
25374.6
25434.211
25434.6
25520.211
25520.6
25539.211
25539.6
25591.211
25591.6
25868.211
25868.6
25898.211
25898.6
25940.211
25940.6
26028.211
26028.6
26144.211
26144.6
26394.211
26394.6
26434.211
26434.6
26592.211
26592.6
26790.211
26790.6
26890.211
26890.6
26906.211
26906.6
26971.211
26971.6
27045.211
27045.6
27189.211
27189.6
27340.211
27340.6
27544.211
27544.6
27684.211
27684.6
28041.6
28042.212
28091.2
28091.4
28291.2
28301.5
28302.4
28306.5
28508.4
28531.5
28533.4
28535.5
28623.6
28691.3
29091.1
29091.6
29126.6
29180.211
29180.6
29259.211
29259.6
29321.211
29321.6
29380.211
29380.6
29398.211
29398.6
29784.6
29785.212
29829.2
29829.4
30029.2
30033.5
30285.4
30287.5
30291.4
30301.5
30364.4
30386.5
30392.4
30396.5
30401.4
30429.3
30492.5
30555.6
30646.4
30706.5
30767.6
30829.1
30862.6
30931.211
30931.6
30951.211
30951.6
31071.211
31071.6
31189.211
31189.6
31285.211
31285.6
31376.211
31376.6
31422.211
31422.6
31553.211
31553.6
31654.211
31654.6
31860.211
31860.6
32006.211
32006.6
32064.211
32064.6
32132.211
32132.6
32302.211
32302.6
32404.211
32404.6
32455.211
32455.6
32512.211
32512.6
32719.211
32719.6
32811.211
32811.6
33043.211
33043.6
33070.211
33070.6
33109.211
33109.6
33331.211
33331.6
33371.211
33371.6
33472.211
33472.6
33545.211
33545.6
33723.211
33723.6
33785.4
33799.5
33804.4
33827.5
33871.211
33871.6
33939.211
33939.6
34370.6
34371.212
34414.2
34414.4
34614.2
34621.5
34623.4
34630.5
34871.4
34893.5
35002.6
35014.3
35226.6
35414.1
35571.6
35604.211
35604.6
35717.211
35717.6
35838.211
35838.6
35877.211
35877.6
35923.211
35923.6
36138.211
36138.6
36342.211
36342.6
36452.211
36452.6
36504.211
36504.6
36536.211
36536.6
36632.4
36639.5
36689.211
36689.6
36761.211
36761.6
36791.211
36791.6
36931.211
36931.6
36967.211
36967.6
37301.6
37302.212
37346.2
37346.4
37542.5
37546.2
37790.4
37811.5
37816.4
37916.5
37921.4
37946.3
38035.5
38100.4
38149.5
38251.6
38324.6
38346.1
38484.6
38516.211
38516.6
38581.211
38581.6
38676.211
38676.6
38771.211
38771.6
38974.211
38974.6
39016.211
39016.6
39063.211
39063.6
39121.211
39121.6
39201.211
39201.6
39255.211
39255.6
39433.211
39433.6
39472.211
39472.6
39530.211
39530.6
39598.211
39598.6
39629.211
39629.6
39689.211
39689.6
40970.6
40971.212
41012.2
41012.4
41212.2
41216.5
41592.6
41612.3
41858.6
42012.1
42132.6
42298.211
42298.6
42344.211
42344.6
42356.211
42356.6
42551.211
42551.6
42666.211
42666.6
42752.4
42775.5
42829.211
42829.6
42981.4
43022.5
43093.211
43093.6
43205.211
43205.6
43377.211
43377.6
43472.211
43472.6
43608.211
43608.6
43644.211
43644.6
43739.4
43755.5
43818.211
43818.6
44070.211
44070.6
44218.211
44218.6
44337.211
44337.6
44472.211
44472.6
44639.211
44639.6
44719.211
44719.6
44784.211
44784.6
44835.211
44835.6
44975.211
44975.6
45094.211
45094.6
45188.211
45188.6
45413.211
45413.6
45488.211
45488.6
45803.6
45804.212
45847.2
45847.4
46047.2
46052.5
46311.4
46325.5
46447.3
46592.6
46847.1
46989.6
47081.211
47081.6
47139.211
47139.6
47422.211
47422.6
47512.211
47512.6
47569.211
47569.6
47593.211
47593.6
47735.211
47735.6
47958.211
47958.6
48063.211
48063.6
48108.211
48108.6
48222.211
48222.6
48456.211
48456.6
48493.211
48493.6
48561.211
48561.6
48603.211
48603.6
48915.6
48916.212
48960.2
48960.4
49160.2
49164.5
49500.4
49508.5
49531.4
49560.3
49646.5
49648.4
49649.5
49677.4
49689.5
49771.6
49874.4
49895.5
49960.1
49985.6
50048.211
50048.6
50147.4
50176.5
50221.211
50221.6
50249.211
50249.6
50294.4
50307.5
50423.211
50423.6
50494.4
50501.5
50588.211
50588.6
50637.211
50637.6
50867.211
50867.6
50951.211
50951.6
51041.211
51041.6
51083.211
51083.6
51141.211
51141.6
51194.4
51216.5
51296.211
51296.6
51567.211
51567.6
51623.211
51623.6
51707.211
51707.6
51796.211
51796.6
52005.211
52005.6
52037.211
52037.6
52108.211
52108.6
52221.211
52221.6
52273.211
52273.6
52293.211
52293.6
52423.211
52423.6
52695.211
52695.6
52745.211
52745.6
52801.211
52801.6
53358.6
53359.212
53404.2
53404.4
53604.2
53605.5
53838.4
53846.5
53847.4
53850.5
53851.4
53852.5
54004.3
54237.6
54404.1
54605.6
54706.211
54706.6
54992.211
54992.6
55068.211
55068.6
55190.211
55190.6
55371.211
55371.6
55420.211
55420.6
55629.211
55629.6
55830.211
55830.6
55870.211
55870.6
55939.211
55939.6
55955.211
55955.6
56414.6
56415.212
56468.2
56468.4
56666.5
56668.2
56843.4
56851.5
56854.4
56861.5
56893.4
56896.5
56936.4
56961.5
56966.4
57051.5
57068.3
57167.6
57468.1
57877.6
57902.211
57902.6
57976.211
57976.6
58321.6
58322.212
58367.2
58367.4
58556.5
58567.2
58967.3
59367.1
59464.6
59511.211
59511.6
60586.6
60587.212
60623.2
60623.4
60812.5
60823.2
60868.4
60871.5
60883.4
60884.5
61047.4
61054.5
61057.4
61075.5
61223.3
61603.6
61623.1
61645.6
61736.211
61736.6
61956.211
61956.6
62054.211
62054.6
62155.211
62155.6
62392.211
62392.6
62462.211
62462.6
62523.211
62523.6
62604.211
62604.6
62762.211
62762.6
62817.211
62817.6
62989.211
62989.6
63015.211
63015.6
63182.211
63182.6
63324.211
63324.6
63498.211
63498.6
63537.211
63537.6
63591.211
63591.6
63692.4
63696.5
63755.211
63755.6
63791.211
63791.6
64041.211
64041.6
64088.211
64088.6
64243.211
64243.6
64325.211
64325.6
64451.211
64451.6
64612.211
64612.6
64714.4
64717.5
64897.211
64897.6
65167.211
65167.6
65268.211
65268.6
65349.211
65349.6
65462.211
65462.6
65570.211
65570.6
65619.211
65619.6
65654.211
65654.6
65699.211
65699.6
65734.211
65734.6
65835.211
65835.6
65966.211
65966.6
66146.211
66146.6
66261.211
66261.6
66379.4
66380.5
66442.211
66442.6
66482.211
66482.6
66530.211
66530.6
66777.211
66777.6
66817.211
66817.6
66883.211
66883.6
67047.211
67047.6
67131.211
67131.6
67244.4
67294.5
67394.211
67394.6
67425.211
67425.6
67484.4
67564.5
67655.211
67655.6
67701.211
67701.6
67926.211
67926.6
68030.211
68030.6
68340.6
68341.212
68383.2
68383.4
68583.2
68604.5
68983.3
69369.6
69383.1
69414.6
69474.211
69474.6
69746.211
69746.6
69778.211
69778.6
69793.211
69793.6
69941.211
69941.6
69964.211
69964.6
70490.6
70491.212
70537.2
70537.4
70737.2
70757.5
71042.4
71078.5
71137.3
71537.1
71595.6
71638.211
71638.6
71698.211
71698.6
71941.211
71941.6
71973.211
71973.6
72072.211
72072.6
72198.211
72198.6
72277.211
72277.6
72518.211
72518.6
72550.211
72550.6
72606.211
72606.6
72649.211
72649.6
72957.6
72958.212
73002.2
73002.4
73202.2
73205.5
73491.4
73497.5
73519.4
73541.5
73542.4
73584.5
73587.4
73602.3
73649.5
73713.6
73753.6
73805.4
73806.5
73826.4
73931.5
73936.4
73998.5
74002.1
74070.6
74112.211
74112.6
74159.4
74180.5
74327.211
74327.6
74396.4
74425.5
74549.211
74549.6
74596.211
74596.6
74623.211
74623.6
74698.4
74724.5
74728.4
74737.5
74738.4
74744.5
74748.4
74755.5
74757.4
74764.5
74780.4
74817.5
74940.6
74941.212
74991.2
74991.4
75187.5
75191.2
75591.3
75893.6
75991.1
76023.6
76113.211
76113.6
76295.211
76295.6
76321.211
76321.6
76377.211
76377.6
76699.6
76700.212
76743.2
76743.4
76943.2
76951.5
77327.4
77343.3
77357.5
77360.4
77402.5
77415.4
77590.5
77635.4
77649.5
77731.6
77743.1
77767.6
77825.211
77825.6
77868.4
77884.5
77983.211
77983.6
78227.211
78227.6
78275.211
78275.6
78315.211
78315.6
79343.6
79344.212
79384.2
79384.4
79584.2
79597.5
79891.4
79897.5
79984.3
80084.6
80384.1
80414.6
80438.211
80438.6
80503.211
80503.6
80660.211
80660.6
80859.211
80859.6
80976.211
80976.6
81188.211
81188.6
81295.211
81295.6
81393.211
81393.6
81648.211
81648.6
81743.211
81743.6
81752.211
81752.6
81798.211
81798.6
81934.211
81934.6
82144.211
82144.6
82193.211
82193.6
82249.211
82249.6
82388.211
82388.6
82444.211
82444.6
82505.211
82505.6
82648.211
82648.6
82667.211
82667.6
82732.211
82732.6
82773.211
82773.6
82828.211
82828.6
82860.211
82860.6
82897.4
82920.5
82964.211
82964.6
82994.211
82994.6
83198.211
83198.6
83236.211
83236.6
83270.211
83270.6
83332.211
83332.6
83590.211
83590.6
83618.211
83618.6
83693.211
83693.6
83739.211
83739.6
83764.211
83764.6
83832.211
83832.6
83882.211
83882.6
83937.211
83937.6
84058.211
84058.6
84068.211
84068.6
84083.211
84083.6
84126.211
84126.6
84215.211
84215.6
84384.211
84384.6
84430.211
84430.6
84471.211
84471.6
84547.4
84557.5
84618.211
84618.6
84632.211
84632.6
84681.211
84681.6
84701.211
84701.6
84867.4
84871.5
84877.4
84892.5
84958.211
84958.6
85019.211
85019.6
85052.211
85052.6
85115.211
85115.6
85143.211
85143.6
85302.211
85302.6
85404.211
85404.6
85443.211
85443.6
85529.211
85529.6
85543.211
85543.6
85675.211
85675.6
85723.211
85723.6
85900.211
85900.6
85962.211
85962.6
86039.211
86039.6
86063.211
86063.6
86217.211
86217.6
86341.211
86341.6
86442.4
86465.5
86526.211
86526.6
86554.211
86554.6
86607.211
86607.6
86879.211
86879.6
86959.211
86959.6
86996.211
86996.6
87249.211
87249.6
87462.211
87462.6
87563.211
87563.6
87899.6
87900.212
87939.2
87939.4
88139.2
88163.5
88167.4
88168.5
88171.4
88172.5
88539.3
88542.4
88654.5
88660.4
88719.5
88806.6
88831.6
88939.1
89063.6
89322.211
89322.6
89535.211
89535.6
89731.211
89731.6
89830.211
89830.6
90008.211
90008.6
90208.211
90208.6
90275.211
90275.6
90295.211
90295.6
90485.211
90485.6
90715.211
90715.6
90809.211
90809.6
90997.211
90997.6
91078.211
91078.6
91111.211
91111.6
91229.211
91229.6
91574.6
91575.212
91626.2
91626.4
91826.2
91830.5
92082.4
92088.5
92090.4
92111.5
92226.3
92442.4
92449.5
92498.6
92626.1
92756.6
92802.211
92802.6
93083.211
93083.6
93150.4
93160.5
93221.211
93221.6
93438.211
93438.6
93480.211
93480.6
93532.211
93532.6
93725.211
93725.6
93790.211
93790.6
93957.211
93957.6
94323.6
94324.212
94365.2
94365.4
94565.2
94572.5
94573.4
94602.5
94965.3
95365.1
95481.6
95564.211
95564.6
95599.211
95599.6
95763.211
95763.6
95819.211
95819.6
95866.4
95889.5
95937.211
95937.6
96109.211
96109.6
96166.211
96166.6
96248.211
96248.6
96297.4
96319.5
96364.211
96364.6
96591.211
96591.6
96614.211
96614.6
96687.211
96687.6
96727.211
96727.6
96955.211
96955.6
97027.211
97027.6
97398.6
97399.212
97441.2
97441.4
97641.2
97662.5
98041.3
98441.1
98560.6
98639.211
98639.6
98697.211
98697.6
98837.211
98837.6
98886.211
98886.6
99116.211
99116.6
99299.211
99299.6
99805.6
99806.212
99851.2
99851.4
100051.2
100062.5
100451.3
100802.6
100851.1
100929.6
101854.6
101855.212
101891.2
101891.4
102091.2
102092.5
102491.3
102530.4
102536.5
102749.6
102891.1
103006.6
103040.211
103040.6
103152.211
103152.6
103262.211
103262.6
103450.211
103450.6
103624.211
103624.6
103655.211
103655.6
103726.211
103726.6
103860.211
103860.6
103971.211
103971.6
104162.211
104162.6
104200.211
104200.6
104252.211
104252.6
104324.211
104324.6
104536.211
104536.6
104630.211
104630.6
104812.211
104812.6
104948.211
104948.6
105145.211
105145.6
105196.211
105196.6
105216.211
105216.6
105249.211
105249.6
105293.211
105293.6
105423.211
105423.6
105699.211
105699.6
105746.211
105746.6
105840.211
105840.6
105871.211
105871.6
105925.211
105925.6
106050.211
106050.6
106227.211
106227.6
106262.211
106262.6
106296.211
106296.6
106473.211
106473.6
106624.211
106624.6
106653.211
106653.6
106890.211
106890.6
106895.211
106895.6
107002.211
107002.6
107294.211
107294.6
107313.211
107313.6
107350.211
107350.6
107619.211
107619.6
107666.211
107666.6
107739.211
107739.6
107807.211
107807.6
107920.211
107920.6
108024.211
108024.6
108066.211
108066.6
108278.211
108278.6
108515.211
108515.6
108549.211
108549.6
108658.211
108658.6
108919.211
108919.6
109020.211
109020.6
109043.211
109043.6
109115.4
109146.5
109189.211
109189.6
109315.211
109315.6
109462.211
109462.6
109746.211
109746.6
109816.211
109816.6
110052.211
110052.6
110183.211
110183.6
110362.4
110364.5
110425.211
110425.6
110569.211
110569.6
110669.211
110669.6
110770.4
110782.5
111032.6
111033.212
111076.2
111076.4
111276.2
111294.5
111676.3
111700.4
111705.5
111869.6
112076.1
112167.6
112261.211
112261.6
112452.211
112452.6
112578.211
112578.6
112671.211
112671.6
112834.211
112834.6
112892.211
112892.6
112901.211
112901.6
112953.211
112953.6
113107.211
113107.6
113290.211
113290.6
113447.211
113447.6
113514.211
113514.6
113609.4
113639.5
113690.211
113690.6
114014.6
114015.212
114058.2
114058.4
114258.2
114267.5
114658.3
115058.1
115151.6
115229.211
115229.6
115468.211
115468.6
115477.211
115477.6
115625.211
115625.6
115758.211
115758.6
115945.211
115945.6
116037.211
116037.6
116365.6
116366.212
116406.2
116406.4
116606.2
116620.5
116621.4
116628.5
117006.3
117406.1
117479.6
117578.211
117578.6
117649.211
117649.6
118011.6
118012.212
118047.2
118047.4
118247.2
118252.5
118647.3
119047.1
119072.6
119100.211
119100.6
119471.6
119472.212
119524.2
119524.4
119700.5
119724.2
120087.4
120124.3
120181.5
120192.4
120287.5
120371.6
120430.4
120513.5
120524.1
120540.4
120569.5
120629.6
120705.211
120705.6
120735.4
120757.5
120765.4
120770.5
120874.211
120874.6
120978.4
121002.5
121130.211
121130.6
121314.211
121314.6
121346.211
121346.6
121435.211
121435.6
121474.211
121474.6
121585.211
121585.6
121655.211
121655.6
121789.211
121789.6
121892.211
121892.6
121974.211
121974.6
122102.211
122102.6
122124.211
122124.6
122270.211
122270.6
122282.211
122282.6
122410.211
122410.6
122499.211
122499.6
122545.211
122545.6
122643.211
122643.6
122734.211
122734.6
122867.211
122867.6
122879.211
122879.6
122908.211
122908.6
122934.211
122934.6
123064.211
123064.6
123083.211
123083.6
123142.211
123142.6
123320.211
123320.6
123487.4
123515.5
123527.4
123553.5
123601.211
123601.6
123660.211
123660.6
123913.211
123913.6
123940.211
123940.6
123995.211
123995.6
124028.211
124028.6
124213.211
124213.6
124248.211
124248.6
124343.211
124343.6
124415.211
124415.6
124566.211
124566.6
124641.211
124641.6
124667.211
124667.6
124715.211
124715.6
124908.211
124908.6
125059.211
125059.6
125168.211
125168.6
125321.211
125321.6
125482.211
125482.6
125514.211
125514.6
125525.211
125525.6
125644.211
125644.6
125798.211
125798.6
125810.211
125810.6
125890.211
125890.6
126036.211
126036.6
126171.211
126171.6
126221.211
126221.6
126236.211
126236.6
126324.211
126324.6
126527.211
126527.6
126630.211
126630.6
126804.211
126804.6
126849.211
126849.6
126934.211
126934.6
127046.211
127046.6
127215.211
127215.6
127402.211
127402.6
127499.211
127499.6
127748.211
127748.6
127800.4
127880.5
127963.211
127963.6
128035.4
128063.5
128093.4
128116.5
128210.211
128210.6
128552.6
128553.212
128593.2
128593.4
128793.2
128805.5
129193.3
129248.4
129275.5
129291.4
129320.5
129322.4
129325.5
129423.6
129593.1
129680.6
129841.211
129841.6
129856.211
129856.6
129992.211
129992.6
130179.211
130179.6
130446.211
130446.6
130538.211
130538.6
130581.211
130581.6
130754.211
130754.6
130796.211
130796.6
131114.6
131115.212
131160.2
131160.4
131360.2
131361.5
131760.3
132160.1
132233.6
132294.211
132294.6
132498.211
132498.6
132737.211
132737.6
132871.211
132871.6
132914.4
132927.5
132972.211
132972.6
133234.211
133234.6
133272.211
133272.6
133466.211
133466.6
133536.211
133536.6
133622.211
133622.6
133903.211
133903.6
135678.6
135679.212
135728.2
135728.4
135928.2
135943.5
136328.3
136728.1
136854.6
136882.211
136882.6
136898.211
136898.6
136980.211
136980.6
137228.211
137228.6
137267.211
137267.6
137379.211
137379.6
137638.211
137638.6
137877.211
137877.6
137932.211
137932.6
138281.6
138282.212
138321.2
138321.4
138521.2
138545.5
138921.3
139060.4
139079.5
139091.4
139145.5
139147.4
139152.5
139321.1
139459.6
139508.211
139508.6
139566.211
139566.6
139844.211
139844.6
140301.6
140302.212
140339.2
140339.4
140539.2
140544.5
140546.4
140549.5
140939.3
141339.1
141491.6
141934.6
141935.212
141979.2
141979.4
142179.2
142183.5
142579.3
142979.1
143041.6
143068.211
143068.6
143205.211
143205.6
143324.211
143324.6
143437.211
143437.6
143616.211
143616.6
143750.4
143780.5
143839.211
143839.6
143878.211
143878.6
143930.211
143930.6
143960.211
143960.6
144149.211
144149.6
144203.211
144203.6
144226.211
144226.6
144542.6
144543.212
144579.2
144579.4
144779.2
144794.5
145179.3
145445.6
145579.1
145756.6
145850.211
145850.6
145947.211
145947.6
145980.211
145980.6
146209.211
146209.6
146400.211
146400.6
146538.211
146538.6
146740.211
146740.6
146777.211
146777.6
146897.211
146897.6
146984.211
146984.6
146996.211
146996.6
147122.211
147122.6
147211.211
147211.6
147456.211
147456.6
147531.211
147531.6
147580.211
147580.6
147659.211
147659.6
147701.211
147701.6
147903.211
147903.6
147938.211
147938.6
148078.211
148078.6
148235.211
148235.6
148336.211
148336.6
148518.211
148518.6
148573.211
148573.6
148779.211
148779.6
148878.211
148878.6
148955.211
148955.6
149258.6
149259.212
149297.2
149297.4
149497.2
149513.5
149897.3
150280.6
150297.1
150342.6
150482.211
150482.6
150499.211
150499.6
150680.211
150680.6
150886.211
150886.6
150932.211
150932.6
151041.211
151041.6
151232.211
151232.6
151511.211
151511.6
151543.211
151543.6
151807.211
151807.6
151970.211
151970.6
152173.211
152173.6
152427.211
152427.6
152482.211
152482.6
152664.211
152664.6
152785.211
152785.6
153154.6
153155.212
153193.2
153193.4
153393.2
153408.5
153793.3
153952.4
153979.5
153982.4
154069.5
154154.6
154193.1
154502.6
154824.6
154825.212
154861.2
154861.4
155061.2
155083.5
155461.3
155834.6
155861.1
156023.6
156182.211
156182.6
156268.4
156290.5
156347.211
156347.6
156516.211
156516.6
156750.211
156750.6
156869.211
156869.6
156935.211
156935.6
157091.211
157091.6
157308.211
157308.6
157747.6
157748.212
157796.2
157796.4
157996.2
158008.5
158396.3
158776.6
158796.1
159056.6
159097.211
159097.6
159252.211
159252.6
159338.211
159338.6
159436.211
159436.6
159668.211
159668.6
159866.211
159866.6
160110.211
160110.6
160453.6
160454.212
160491.2
160491.4
160691.2
160714.5
160716.4
160719.5
161091.3
161261.4
161300.5
161305.4
161329.5
161332.4
161408.5
161491.1
161499.6
161517.211
161517.6
161544.211
161544.6
161569.211
161569.6
161651.211
161651.6
161862.211
161862.6
161879.211
161879.6
162142.211
162142.6
162187.211
162187.6
162898.6
162899.212
162935.2
162935.4
163135.2
163149.5
163535.3
163935.1
164010.6
164106.211
164106.6
164130.211
164130.6
164225.211
164225.6
164380.211
164380.6
164550.211
164550.6
164792.211
164792.6
165068.211
165068.6
165368.211
165368.6
165687.6
165688.212
165725.2
165725.4
165925.2
165937.5
166325.3
166725.1
166796.6
166948.211
166948.6
167226.211
167226.6
167318.211
167318.6
167419.211
167419.6
167775.6
167776.212
167818.2
167818.4
168018.2
168025.5
168026.4
168032.5
168415.4
168418.3
168511.5
168579.6
168818.1
168957.6
169252.211
169252.6
169295.211
169295.6
169550.211
169550.6
169747.211
169747.6
169968.211
169968.6
169996.211
169996.6
170052.211
170052.6
170353.6
170354.212
170389.2
170389.4
170589.2
170607.5
170989.3
171041.4
171049.5
171051.4
171052.5
171054.4
171131.5
171205.6
171389.1
171579.6
171961.6
171962.212
172005.2
172005.4
172205.2
172219.5
172223.4
172227.5
172605.3
173005.1
173178.6
173229.211
173229.6
173307.211
173307.6
173561.211
173561.6
173968.6
173969.212
174010.2
174010.4
174210.2
174214.5
174610.3
175010.1
175015.6
175036.211
175036.6
175241.211
175241.6
175287.211
175287.6
175410.211
175410.6
175435.211
175435.6
175533.211
175533.6
175718.211
175718.6
175755.211
175755.6
175923.211
175923.6
175951.211
175951.6
176055.211
176055.6
176291.211
176291.6
176493.211
176493.6
176563.211
176563.6
176769.211
176769.6
177102.6
177103.212
177144.2
177144.4
177344.2
177365.5
177744.3
178144.1
178160.6
178203.211
178203.6
178231.211
178231.6
178282.211
178282.6
178641.6
178642.212
178695.2
178695.4
178895.2
178899.5
179295.3
179664.6
179695.1
180000.9
123456789
4
09
17
4
09
17
0
0
0
1
14
30
38
15
03
39
6
2
1884
0
0
0
314159265
65
0
185
180000
314159265
0.1
107.6
306.211
306.6
496.211
496.6
738.211
738.6
753.211
753.6
799.211
799.6
986.211
986.6
1111.4
1148.5
1224.211
1224.6
1271.211
1271.6
1361.211
1361.6
1720.6
1721.212
1777.2
1777.4
1977.2
2008.5
2012.4
2016.5
2089.4
2094.5
2192.4
2318.5
2376.6
2377.3
2458.4
2583.5
2668.6
2777.1
2899.6
2951.211
2951.6
3106.211
3106.6
3144.211
3144.6
3164.211
3164.6
3276.211
3276.6
3404.211
3404.6
3762.6
3763.212
3804.2
3804.4
4004.2
4031.5
4254.4
4299.5
4343.4
4404.3
4431.5
4492.6
4769.6
4804.1
4979.6
5005.211
5005.6
5184.211
5184.6
5441.211
5441.6
5538.211
5538.6
5861.6
5862.212
5902.2
5902.4
6102.2
6128.5
6369.4
6376.5
6377.4
6433.5
6439.4
6502.3
6596.5
6708.6
6902.1
6936.6
6975.211
6975.6
7014.211
7014.6
7126.211
7126.6
7265.211
7265.6
7539.211
7539.6
7670.211
7670.6
7712.211
7712.6
7758.211
7758.6
7987.211
7987.6
8027.211
8027.6
8088.211
8088.6
8238.211
8238.6
8403.211
8403.6
8768.6
8769.212
8818.2
8818.4
9018.2
9028.5
9303.4
9306.5
9309.4
9311.5
9320.4
9328.5
9335.4
9410.5
9418.3
9469.4
9517.5
9588.6
9818.1
10839.6
10867.211
10867.6
11520.6
11521.212
11536.6
11575.2
11575.4
11775.2
11790.5
12175.3
12423.6
12575.1
12787.6
12816.211
12816.6
12884.211
12884.6
13005.211
13005.6
13195.211
13195.6
13333.211
13333.6
13493.211
13493.6
13617.211
13617.6
13829.211
13829.6
14069.211
14069.6
14148.211
14148.6
14216.211
14216.6
14350.211
14350.6
14489.211
14489.6
14538.211
14538.6
14589.211
14589.6
14794.211
14794.6
14825.211
14825.6
14911.211
14911.6
15047.211
15047.6
15066.211
15066.6
15105.211
15105.6
15237.211
15237.6
15265.211
15265.6
15390.211
15390.6
15626.211
15626.6
15725.211
15725.6
15794.211
15794.6
16014.211
16014.6
16272.211
16272.6
16506.211
16506.6
16689.211
16689.6
16771.211
16771.6
16873.211
16873.6
16987.211
16987.6
17099.211
17099.6
17301.211
17301.6
17350.211
17350.6
17463.211
17463.6
17823.6
17824.212
17868.2
17868.4
18068.2
18088.5
18091.4
18093.5
18323.4
18329.5
18392.4
18430.5
18436.4
18468.3
18535.5
18638.6
18868.1
18886.6
19032.211
19032.6
19109.211
19109.6
19261.211
19261.6
19281.211
19281.6
19334.211
19334.6
19465.211
19465.6
19682.211
19682.6
19740.211
19740.6
19824.211
19824.6
20052.211
20052.6
20132.211
20132.6
20321.211
20321.6
20485.211
20485.6
20664.211
20664.6
20698.211
20698.6
20895.211
20895.6
21100.211
21100.6
21169.211
21169.6
21230.211
21230.6
21411.211
21411.6
21567.211
21567.6
21626.211
21626.6
21727.211
21727.6
21737.211
21737.6
22055.6
22056.212
22095.2
22095.4
22295.2
22320.5
22695.3
22777.6
23037.6
23095.1
23171.6
23355.211
23355.6
23663.6
23664.212
23709.2
23709.4
23909.2
23922.5
24309.3
24637.6
24709.1
24716.6
24739.211
24739.6
27006.6
27007.212
27063.2
27063.4
27263.2
27279.5
27663.3
27724.6
28063.1
28135.6
28164.211
28164.6
28244.211
28244.6
28368.211
28368.6
28479.211
28479.6
28692.211
28692.6
28910.211
28910.6
29065.211
29065.6
29277.211
29277.6
29430.211
29430.6
29669.211
29669.6
29710.211
29710.6
29903.211
29903.6
29921.211
29921.6
30082.211
30082.6
30162.211
30162.6
30221.4
30294.5
30296.4
30373.5
30374.4
30398.5
30454.211
30454.6
30507.211
30507.6
30662.211
30662.6
30702.211
30702.6
30820.211
30820.6
30938.4
31006.5
31026.4
31109.5
31125.4
31137.5
31293.6
31294.212
31342.2
31342.4
31542.2
31558.5
31942.3
32292.6
32342.1
32571.6
32660.211
32660.6
32744.211
32744.6
32829.211
32829.6
32838.211
32838.6
32971.211
32971.6
33121.211
33121.6
33254.211
33254.6
33290.211
33290.6
33453.211
33453.6
33584.4
33607.5
33613.4
33621.5
33734.211
33734.6
33784.211
33784.6
34091.6
34092.212
34140.2
34140.4
34340.2
34358.5
34740.3
34791.4
34820.5
34861.4
34903.5
34989.6
35140.1
35267.6
35463.211
35463.6
35503.211
35503.6
35669.211
35669.6
35733.211
35733.6
35939.211
35939.6
36192.211
36192.6
36245.211
36245.6
36287.211
36287.6
36393.211
36393.6
36444.211
36444.6
36572.211
36572.6
36820.211
36820.6
36880.211
36880.6
37008.211
37008.6
37148.211
37148.6
37222.211
37222.6
37256.211
37256.6
37423.211
37423.6
37493.211
37493.6
37527.211
37527.6
37696.211
37696.6
37779.211
37779.6
37887.211
37887.6
37959.211
37959.6
37969.211
37969.6
38117.211
38117.6
38142.211
38142.6
38303.211
38303.6
38338.211
38338.6
38540.211
38540.6
38834.211
38834.6
38929.4
38945.5
38993.211
38993.6
39035.211
39035.6
39262.211
39262.6
39310.211
39310.6
39564.211
39564.6
39901.6
39902.212
39954.2
39954.4
40154.2
40171.5
40554.3
40927.6
40954.1
41001.6
41182.211
41182.6
42070.6
42071.212
42111.2
42111.4
42311.2
42328.5
42711.3
43111.1
43136.6
43172.211
43172.6
43249.211
43249.6
43359.211
43359.6
43481.211
43481.6
43654.211
43654.6
43727.4
43728.5
43797.211
43797.6
44061.211
44061.6
44119.211
44119.6
44311.211
44311.6
44355.211
44355.6
44461.211
44461.6
44712.211
44712.6
45022.6
45023.212
45063.2
45063.4
45263.2
45267.5
45663.3
46063.1
46150.6
46241.211
46241.6
46291.211
46291.6
46970.6
46971.212
47018.2
47018.4
47198.5
47218.2
47552.4
47618.3
47632.5
47648.4
47708.5
47765.4
47776.5
47888.6
48018.1
48304.6
48525.211
48525.6
48713.211
48713.6
48818.211
48818.6
48896.211
48896.6
49039.211
49039.6
49210.211
49210.6
49423.211
49423.6
49637.211
49637.6
49684.211
49684.6
49769.211
49769.6
49890.211
49890.6
50042.211
50042.6
50154.211
50154.6
50418.211
50418.6
50533.211
50533.6
50675.211
50675.6
50772.211
50772.6
50946.211
50946.6
50994.211
50994.6
51060.4
51083.5
51152.211
51152.6
51182.211
51182.6
51372.211
51372.6
51612.211
51612.6
51737.211
51737.6
51882.211
51882.6
52088.211
52088.6
52127.211
52127.6
52241.4
52247.5
52328.211
52328.6
52421.211
52421.6
52553.211
52553.6
52597.211
52597.6
52798.211
52798.6
52947.211
52947.6
52984.211
52984.6
53045.211
53045.6
53212.211
53212.6
53383.211
53383.6
53688.6
53689.212
53728.2
53728.4
53928.2
53945.5
54288.4
54298.5
54328.3
54361.4
54444.5
54453.4
54462.5
54589.4
54661.5
54726.6
54728.1
54755.6
54991.211
54991.6
55019.211
55019.6
55217.211
55217.6
55471.211
55471.6
55515.211
55515.6
55749.211
55749.6
56026.211
56026.6
56156.211
56156.6
56355.211
56355.6
56567.211
56567.6
56835.211
56835.6
56905.211
56905.6
57103.211
57103.6
57222.211
57222.6
57469.211
57469.6
57743.211
57743.6
58003.211
58003.6
58114.211
58114.6
58192.211
58192.6
58225.211
58225.6
58505.211
58505.6
58782.211
58782.6
58817.211
58817.6
58924.211
58924.6
58987.211
58987.6
59250.211
59250.6
59283.211
59283.6
59388.4
59389.5
59390.4
59406.5
59449.211
59449.6
59547.4
59569.5
59670.211
59670.6
59878.211
59878.6
59950.4
59960.5
60043.211
60043.6
60217.211
60217.6
60311.211
60311.6
60493.211
60493.6
60732.211
60732.6
60791.211
60791.6
61033.211
61033.6
61288.211
61288.6
61679.6
61680.212
61732.2
61732.4
61932.2
61956.5
62332.3
62732.1
62791.6
62872.211
62872.6
63158.211
63158.6
63295.211
63295.6
63668.6
63669.212
63711.2
63711.4
63911.2
63918.5
63921.4
63922.5
63924.4
63925.5
64299.4
64302.5
64311.3
64338.4
64417.5
64711.1
64775.6
65076.6
65077.212
65116.2
65116.4
65316.2
65320.5
65716.3
66116.1
66200.6
66238.211
66238.6
66431.211
66431.6
66531.211
66531.6
66743.211
66743.6
66888.211
66888.6
67967.6
67968.212
68005.2
68005.4
68205.2
68209.5
68605.3
68915.6
69005.1
69137.6
69365.211
69365.6
69618.211
69618.6
69777.211
69777.6
69971.211
69971.6
70028.211
70028.6
70244.211
70244.6
70287.211
70287.6
70433.211
70433.6
70591.211
70591.6
70646.211
70646.6
70783.211
70783.6
71002.211
71002.6
71039.211
71039.6
71195.211
71195.6
71276.4
71292.5
71344.211
71344.6
71536.211
71536.6
71774.211
71774.6
71907.211
71907.6
71950.211
71950.6
72136.211
72136.6
72173.211
72173.6
72356.211
72356.6
72493.211
72493.6
72797.6
72798.212
72847.2
72847.4
73047.2
73066.5
73447.3
73455.4
73472.5
73847.1
73994.6
74166.211
74166.6
74523.6
74524.212
74569.2
74569.4
74769.2
74778.5
75169.3
75569.1
75704.6
76155.6
76156.212
76196.2
76196.4
76396.2
76422.5
76796.3
77196.1
77318.6
77593.211
77593.6
77708.211
77708.6
77977.211
77977.6
78297.6
78298.212
78350.2
78350.4
78538.5
78541.4
78547.5
78550.2
78950.3
79007.4
79057.5
79059.4
79073.5
79162.6
79204.4
79312.5
79320.4
79350.1
79363.5
79499.6
79695.211
79695.6
79721.211
79721.6
79853.211
79853.6
79941.4
80052.5
80070.4
80126.5
80223.6
80224.212
80270.2
80270.4
80470.2
80484.5
80870.3
80925.4
80929.5
81014.4
81017.5
81021.4
81089.5
81125.4
81202.5
81270.1
81362.6
81454.4
81455.5
81457.4
81490.5
81509.4
81512.5
81587.211
81587.6
81678.4
81729.5
81749.4
81783.5
81867.211
81867.6
81967.4
81989.5
82143.211
82143.6
82342.211
82342.6
82387.211
82387.6
82472.211
82472.6
82540.4
82548.5
82565.4
82570.5
82571.4
82575.5
82687.211
82687.6
82744.211
82744.6
82789.4
82821.5
83025.211
83025.6
83178.211
83178.6
83296.211
83296.6
83402.211
83402.6
83478.211
83478.6
83514.211
83514.6
83562.4
83577.5
83589.4
83618.5
83718.211
83718.6
83802.211
83802.6
83998.211
83998.6
84083.211
84083.6
84151.4
84175.5
84345.211
84345.6
84397.211
84397.6
84571.211
84571.6
84760.211
84760.6
85021.211
85021.6
85249.211
85249.6
85394.211
85394.6
85458.4
85484.5
85546.211
85546.6
85609.4
85632.5
85890.6
85891.212
85933.2
85933.4
86133.2
86150.5
86533.3
86897.6
86933.1
87085.6
87376.211
87376.6
87623.211
87623.6
87860.211
87860.6
87900.211
87900.6
88060.211
88060.6
88251.211
88251.6
88447.211
88447.6
88774.6
88775.212
88813.2
88813.4
89013.2
89038.5
89413.3
89467.4
89472.5
89813.1
90052.6
90333.211
90333.6
90673.6
90674.212
90721.2
90721.4
90911.5
90921.2
91321.3
91721.1
91834.6
92187.6
92188.212
92223.2
92223.4
92423.2
92441.5
92474.4
92479.5
92823.3
93223.1
93882.6
93987.211
93987.6
94261.211
94261.6
94288.211
94288.6
94337.211
94337.6
94470.211
94470.6
94621.211
94621.6
94814.211
94814.6
95016.211
95016.6
95324.6
95325.212
95363.2
95363.4
95563.2
95578.5
95963.3
96093.4
96115.5
96122.4
96123.5
96125.4
96128.5
96150.4
96206.5
96322.6
96363.1
96529.6
96588.211
96588.6
96879.211
96879.6
96980.211
96980.6
97306.6
97307.212
97347.2
97347.4
97547.2
97562.5
97947.3
98347.1
98511.6
98521.211
98521.6
98631.211
98631.6
98853.211
98853.6
99081.211
99081.6
99112.211
99112.6
99300.211
99300.6
99586.211
99586.6
99696.211
99696.6
99801.211
99801.6
99845.4
99899.5
99907.4
99919.5
99925.4
99987.5
99996.4
100026.5
100082.211
100082.6
100149.4
100167.5
100309.211
100309.6
100566.211
100566.6
100877.6
100878.212
100926.2
100926.4
101126.2
101144.5
101148.4
101150.5
101526.3
101896.6
101926.1
102001.6
102121.211
102121.6
102309.211
102309.6
102578.211
102578.6
102638.211
102638.6
102775.211
102775.6
102926.211
102926.6
102969.4
103067.5
103142.211
103142.6
103237.211
103237.6
103423.211
103423.6
103531.211
103531.6
103671.211
103671.6
103885.211
103885.6
104100.211
104100.6
104142.211
104142.6
104260.211
104260.6
104309.211
104309.6
104463.211
104463.6
104553.211
104553.6
104753.211
104753.6
104859.211
104859.6
105032.211
105032.6
105188.211
105188.6
105229.211
105229.6
105544.6
105545.212
105585.2
105585.4
105785.2
105803.5
106185.3
106521.6
106585.1
106683.6
106834.211
106834.6
107277.6
107278.212
107321.2
107321.4
107521.2
107541.5
107563.4
107565.5
107575.4
107576.5
107921.3
108321.1
108491.6
108889.6
108890.212
108927.2
108927.4
109127.2
109145.5
109527.3
109927.1
109987.6
110257.211
110257.6
110520.211
110520.6
110630.211
110630.6
110759.211
110759.6
111000.211
111000.6
111265.211
111265.6
111466.211
111466.6
111514.211
111514.6
111782.211
111782.6
111813.211
111813.6
112101.211
112101.6
112118.211
112118.6
112300.211
112300.6
112446.211
112446.6
112675.211
112675.6
112877.211
112877.6
113054.211
113054.6
113287.211
113287.6
113413.211
113413.6
113682.211
113682.6
113983.6
113984.212
114026.2
114026.4
114226.2
114248.5
114249.4
114255.5
114626.3
114666.4
114713.5
115026.1
115150.6
115504.6
115505.212
115541.2
115541.4
115741.2
115757.5
116141.3
116541.1
116726.6
117116.6
117117.212
117165.2
117165.4
117365.2
117382.5
117765.3
118165.1
118266.6
118351.211
118351.6
118596.211
118596.6
118712.211
118712.6
119163.6
119164.212
119221.2
119221.4
119421.2
119429.5
119431.4
119437.5
119448.4
119449.5
119473.4
119474.5
119481.4
119486.5
119821.3
120220.6
120221.1
120250.6
120463.211
120463.6
120540.211
120540.6
120790.211
120790.6
120827.211
120827.6
120899.211
120899.6
120954.211
120954.6
120971.211
120971.6
121138.211
121138.6
121267.211
121267.6
121475.211
121475.6
121563.211
121563.6
121835.211
121835.6
121962.211
121962.6
122214.211
122214.6
122374.211
122374.6
122653.211
122653.6
122943.211
122943.6
123014.211
123014.6
123149.211
123149.6
123228.4
123237.5
123291.211
123291.6
123390.211
123390.6
123690.211
123690.6
123742.211
123742.6
123956.211
123956.6
124242.211
124242.6
124349.211
124349.6
124610.211
124610.6
124677.211
124677.6
125062.6
125063.212
125101.2
125101.4
125301.2
125324.5
125701.3
125989.6
126066.4
126101.1
126144.5
126194.6
126442.211
126442.6
126505.4
126534.5
126586.211
126586.6
126861.211
126861.6
126981.211
126981.6
127105.211
127105.6
127265.211
127265.6
127354.211
127354.6
127384.211
127384.6
127452.4
127463.5
127539.211
127539.6
127746.211
127746.6
128104.6
128105.212
128148.2
128148.4
128348.2
128375.5
128409.4
128410.5
128748.3
129148.1
130015.6
130023.211
130023.6
130069.211
130069.6
130202.211
130202.6
130423.211
130423.6
130652.211
130652.6
130930.211
130930.6
131139.211
131139.6
131314.211
131314.6
131599.211
131599.6
131902.6
131903.212
131953.2
131953.4
132153.2
132160.5
132553.3
132953.1
133096.6
133208.211
133208.6
133560.6
133561.212
133598.2
133598.4
133792.5
133795.4
133798.2
133801.5
133811.4
133813.5
134198.3
134598.1
134660.6
134767.211
134767.6
134985.211
134985.6
135254.211
135254.6
135487.211
135487.6
135646.211
135646.6
135820.211
135820.6
136021.211
136021.6
136061.211
136061.6
136248.211
136248.6
136469.211
136469.6
136793.6
136794.212
136835.2
136835.4
137035.2
137048.5
137435.3
137835.1
138276.6
138366.211
138366.6
138400.211
138400.6
138599.211
138599.6
138924.6
138925.212
138976.2
138976.4
139176.2
139206.5
139209.4
139213.5
139576.3
139976.1
140041.6
140127.211
140127.6
140302.211
140302.6
140429.211
140429.6
140584.211
140584.6
140695.211
140695.6
140915.211
140915.6
141120.211
141120.6
141183.211
141183.6
141285.211
141285.6
141358.4
141372.5
141437.211
141437.6
141578.211
141578.6
141622.211
141622.6
141718.211
141718.6
141866.211
141866.6
142021.211
142021.6
142243.211
142243.6
142513.211
142513.6
142607.211
142607.6
142854.211
142854.6
143188.6
143189.212
143240.2
143240.4
143440.2
143456.5
143459.4
143461.5
143840.3
144240.1
144380.6
144437.211
144437.6
144574.4
144597.5
144653.211
144653.6
144708.4
144721.5
144734.4
144765.5
144890.211
144890.6
145118.211
145118.6
145228.211
145228.6
145408.211
145408.6
145643.211
145643.6
145958.6
145959.212
146001.2
146001.4
146201.2
146229.5
146239.4
146240.5
146601.3
147001.1
147207.6
147577.6
147578.212
147615.2
147615.4
147815.2
147840.5
148215.3
148615.1
148839.6
149141.6
149142.212
149180.2
149180.4
149380.2
149400.5
149780.3
150180.1
150267.6
150369.211
150369.6
150659.211
150659.6
150786.211
150786.6
150827.4
150861.5
151235.6
151236.212
151282.2
151282.4
151478.5
151482.2
151882.3
152282.1
152435.6
152510.211
152510.6
152522.211
152522.6
153000.6
153001.212
153045.2
153045.4
153245.2
153251.5
153300.4
153301.5
153645.3
154045.1
154152.6
154236.211
154236.6
154355.211
154355.6
154838.6
154839.212
154879.2
154879.4
155079.2
155104.5
155479.3
155879.1
156050.6
156293.211
156293.6
156410.211
156410.6
156527.211
156527.6
156581.4
156598.5
156903.6
156904.212
156951.2
156951.4
157151.2
157167.5
157200.4
157202.5
157551.3
157951.1
158105.6
158457.6
158458.212
158508.2
158508.4
158708.2
158713.5
159108.3
159508.1
159783.6
159842.211
159842.6
160201.6
160202.212
160260.2
160260.4
160441.5
160444.4
160450.5
160460.2
160860.3
161260.1
161345.6
161403.211
161403.6
161665.211
161665.6
161728.211
161728.6
161914.211
161914.6
162130.211
162130.6
162250.211
162250.6
162416.211
162416.6
162458.211
162458.6
162732.211
162732.6
162784.211
162784.6
163136.6
163137.212
163175.2
163175.4
163375.2
163407.5
163744.4
163751.5
163775.3
163964.6
164175.1
164235.6
164602.6
164603.212
164646.2
164646.4
164846.2
164863.5
165246.3
165575.6
165646.1
166052.6
166264.211
166264.6
166570.6
166571.212
166620.2
166620.4
166820.2
166825.5
166829.4
166833.5
167220.3
167620.1
167642.6
168504.6
168505.212
168543.2
168543.4
168743.2
168763.5
168764.4
168767.5
169143.3
169335.6
169543.1
169566.6
169599.211
169599.6
169811.211
169811.6
169997.211
169997.6
170261.211
170261.6
170454.211
170454.6
170675.211
170675.6
170995.6
170996.212
171036.2
171036.4
171236.2
171258.5
171636.3
172036.1
172133.6
172221.211
172221.6
172551.6
172552.212
172593.2
172593.4
172793.2
172818.5
172865.4
172866.5
173193.3
173593.1
173711.6
174049.6
174050.212
174097.2
174097.4
174297.2
174302.5
174697.3
175097.1
175116.6
175427.6
175428.212
175476.2
175476.4
175676.2
175676.5
176076.3
176476.1
176564.6
176996.6
176997.212
177034.2
177034.4
177234.2
177246.5
177634.3
178034.1
178226.6
178482.211
178482.6
178747.211
178747.6
179165.6
179166.212
179210.2
179210.4
179410.2
179415.5
180000.9
123456789
4
10
17
4
10
17
0
0
0
1
14
19
37
14
52
37
6
2
1619
0
0
0
314159265
77
0
219
180000
314159265
0.1
186.6
226.211
226.6
269.211
269.6
384.211
384.6
432.211
432.6
505.211
505.6
536.211
536.6
644.211
644.6
757.211
757.6
848.211
848.6
882.211
882.6
1127.211
1127.6
1156.211
1156.6
1579.6
1580.212
1642.2
1642.4
1842.2
1870.5
1887.4
1896.5
1956.4
1958.5
1959.4
1978.5
1999.4
2086.5
2102.4
2114.5
2242.3
2267.6
2642.1
2708.6
2758.211
2758.6
2792.211
2792.6
2889.211
2889.6
2926.211
2926.6
2998.211
2998.6
3016.211
3016.6
3026.211
3026.6
3179.211
3179.6
3207.211
3207.6
3369.211
3369.6
3590.211
3590.6
3708.211
3708.6
3964.211
3964.6
4006.211
4006.6
4263.211
4263.6
4296.211
4296.6
4554.211
4554.6
4827.211
4827.6
5197.6
5198.212
5244.2
5244.4
5444.2
5458.5
5631.4
5656.5
5663.4
5746.5
5761.4
5844.3
5847.5
5939.6
6244.1
6313.6
6348.211
6348.6
6906.6
6907.212
6954.2
6954.4
7152.5
7154.2
7497.4
7554.3
7584.5
7954.1
8131.6
8211.211
8211.6
8477.211
8477.6
8583.211
8583.6
8832.211
8832.6
8872.211
8872.6
8947.211
8947.6
9326.6
9327.212
9374.2
9374.4
9574.2
9574.5
9577.4
9579.5
9840.4
9843.5
9849.4
9857.5
9867.4
9868.5
9873.4
9967.5
9972.4
9974.3
10081.5
10245.6
10374.1
10589.6
10707.211
10707.6
10738.211
10738.6
10900.211
10900.6
11134.211
11134.6
11173.211
11173.6
11385.211
11385.6
11518.211
11518.6
11710.211
11710.6
11987.211
11987.6
12088.211
12088.6
12196.211
12196.6
12299.211
12299.6
12568.211
12568.6
12674.211
12674.6
12859.211
12859.6
12908.211
12908.6
13163.211
13163.6
13198.211
13198.6
13263.211
13263.6
13433.211
13433.6
13557.211
13557.6
13573.211
13573.6
13609.211
13609.6
13867.211
13867.6
13960.211
13960.6
13987.211
13987.6
14248.211
14248.6
14290.211
14290.6
14678.6
14679.212
14728.2
14728.4
14928.2
14939.5
15173.4
15284.5
15328.3
15728.1
15758.6
15793.211
15793.6
16058.211
16058.6
16309.211
16309.6
16374.211
16374.6
16615.211
16615.6
16849.211
16849.6
17135.211
17135.6
17535.6
17536.212
17579.2
17579.4
17761.5
17770.4
17771.5
17779.2
18179.3
18430.4
18456.5
18548.6
18579.1
18818.6
18883.211
18883.6
19001.211
19001.6
19042.211
19042.6
19202.211
19202.6
19228.211
19228.6
19487.211
19487.6
19536.211
19536.6
19568.211
19568.6
19699.211
19699.6
19724.211
19724.6
20021.211
20021.6
20077.211
20077.6
20382.6
20383.212
20428.2
20428.4
20608.5
20610.4
20616.5
20628.2
21028.3
21106.6
21428.1
21636.6
21688.211
21688.6
21942.211
21942.6
22064.211
22064.6
22287.211
22287.6
22518.211
22518.6
22638.211
22638.6
22896.211
22896.6
23001.211
23001.6
23267.211
23267.6
23432.211
23432.6
23464.211
23464.6
23572.211
23572.6
23840.211
23840.6
24302.6
24303.212
24350.2
24350.4
24529.5
24550.2
24950.3
25350.1
25751.6
25774.211
25774.6
25852.211
25852.6
25908.211
25908.6
26138.211
26138.6
26529.6
26530.212
26569.2
26569.4
26751.5
26755.4
26757.5
26758.4
26759.5
26769.2
27169.3
27569.1
27827.6
28103.211
28103.6
28227.211
28227.6
28465.211
28465.6
28508.211
28508.6
28717.211
28717.6
29161.6
29162.212
29207.2
29207.4
29391.5
29407.2
29807.3
30207.1
30309.6
30513.211
30513.6
30659.211
30659.6
30822.211
30822.6
31050.211
31050.6
31141.4
31164.5
31208.211
31208.6
31597.6
31598.212
31651.2
31651.4
31799.5
31802.4
31804.5
31806.4
31807.5
31851.2
32160.4
32192.5
32213.4
32251.3
32279.5
32581.6
32651.1
32672.4
32704.5
32705.4
32733.5
33246.6
33387.211
33387.6
33863.6
33864.212
33910.2
33910.4
34095.5
34110.2
34510.3
34687.6
34910.1
35568.6
35592.211
35592.6
35668.211
35668.6
35963.211
35963.6
36033.211
36033.6
36349.6
36350.212
36401.2
36401.4
36588.5
36601.2
37001.3
37401.1
37430.6
37457.211
37457.6
37666.211
37666.6
37696.211
37696.6
37834.211
37834.6
38027.211
38027.6
38091.211
38091.6
38129.211
38129.6
38211.211
38211.6
38296.211
38296.6
38447.211
38447.6
38689.211
38689.6
38786.211
38786.6
39054.211
39054.6
39441.6
39442.212
39484.2
39484.4
39667.5
39669.4
39670.5
39672.4
39674.5
39684.2
40084.3
40484.1
40605.6
40839.211
40839.6
41108.211
41108.6
41358.211
41358.6
41728.6
41729.212
41772.2
41772.4
41941.5
41943.4
41950.5
41972.2
42372.3
42772.1
42842.6
43215.6
43216.212
43260.2
43260.4
43460.2
43463.5
43779.4
43787.5
43797.4
43801.5
43804.4
43815.5
43840.4
43860.3
43986.5
43989.4
43998.5
44022.4
44101.5
44106.4
44110.5
44157.6
44199.4
44260.1
44323.5
44477.6
44541.4
44572.5
44744.211
44744.6
44961.211
44961.6
45057.211
45057.6
45093.211
45093.6
45223.211
45223.6
45507.211
45507.6
45535.211
45535.6
45758.211
45758.6
46073.6
46074.212
46125.2
46125.4
46294.5
46325.2
46725.3
47125.1
47229.6
47395.211
47395.6
47676.211
47676.6
47937.211
47937.6
48399.6
48400.212
48448.2
48448.4
48648.2
48656.5
48657.4
48660.5
49048.3
49389.6
49448.1
49598.6
49687.211
49687.6
49792.211
49792.6
49938.211
49938.6
50256.6
50257.212
50299.2
50299.4
50498.5
50499.2
50502.4
50503.5
50899.3
50922.4
51065.5
51073.4
51075.5
51078.4
51090.5
51124.4
51162.5
51260.6
51299.1
51411.6
51660.211
51660.6
51874.211
51874.6
51914.211
51914.6
52138.211
52138.6
52324.211
52324.6
52525.211
52525.6
52763.211
52763.6
53028.211
53028.6
53085.211
53085.6
53315.211
53315.6
53421.211
53421.6
53693.211
53693.6
53979.211
53979.6
54246.211
54246.6
54530.211
54530.6
54610.211
54610.6
54633.211
54633.6
54774.211
54774.6
54944.211
54944.6
54984.211
54984.6
55168.211
55168.6
55471.6
55472.212
55522.2
55522.4
55714.5
55722.2
56023.4
56024.5
56026.4
56086.5
56088.4
56091.5
56122.3
56522.1
56683.6
56910.211
56910.6
56983.4
57007.5
57013.4
57015.5
57098.211
57098.6
57220.211
57220.6
57321.211
57321.6
57366.4
57393.5
57598.211
57598.6
57726.211
57726.6
57941.211
57941.6
58107.211
58107.6
58136.211
58136.6
58306.211
58306.6
58573.211
58573.6
58827.211
58827.6
58950.211
58950.6
59491.6
59492.212
59535.2
59535.4
59735.2
59750.5
60135.3
60378.6
60535.1
60691.6
61014.6
61015.212
61069.2
61069.4
61243.5
61269.2
61669.3
62069.1
62077.6
62193.211
62193.6
63471.6
63472.212
63515.2
63515.4
63712.5
63715.2
64115.3
64515.1
64678.6
64791.211
64791.6
65038.211
65038.6
65357.6
65358.212
65398.2
65398.4
65597.5
65598.2
65912.4
65920.5
65935.4
65997.5
65998.3
66398.1
66529.6
66741.211
66741.6
66988.211
66988.6
67203.211
67203.6
67561.6
67562.212
67614.2
67614.4
67798.5
67806.4
67807.5
67814.2
68214.3
68614.1
68735.6
68769.211
68769.6
69028.211
69028.6
69301.211
69301.6
69481.211
69481.6
69757.211
69757.6
70057.211
70057.6
70467.6
70468.212
70506.2
70506.4
70706.2
70715.5
71068.4
71080.5
71086.4
71106.3
71133.5
71506.1
71758.6
72128.6
72129.212
72178.2
72178.4
72367.5
72378.2
72778.3
73178.1
73228.6
73466.211
73466.6
73748.211
73748.6
74148.6
74149.212
74203.2
74203.4
74391.5
74403.2
74803.3
75203.1
75426.6
75640.211
75640.6
75999.6
76000.212
76043.2
76043.4
76243.2
76254.5
76643.3
77043.1
77225.6
77558.6
77559.212
77599.2
77599.4
77795.5
77798.4
77799.2
77799.5
78199.3
78599.1
78656.6
78877.211
78877.6
79436.6
79437.212
79473.2
79473.4
79673.2
79678.5
80073.3
80231.6
80473.1
80474.6
80550.4
80574.5
80595.4
80647.5
80651.4
80657.5
80667.4
80722.5
80837.6
80838.212
80882.2
80882.4
81074.5
81078.4
81079.5
81082.2
81452.4
81461.5
81482.3
81487.4
81544.5
81652.6
81882.1
82035.6
82177.211
82177.6
82402.211
82402.6
82677.211
82677.6
82824.211
82824.6
83080.211
83080.6
83440.6
83441.212
83482.2
83482.4
83677.5
83681.4
83682.2
83682.5
84082.3
84482.1
84788.6
84991.211
84991.6
85292.6
85293.212
85337.2
85337.4
85525.5
85537.2
85844.4
85853.5
85857.4
85937.3
85945.5
86337.1
86520.6
86785.211
86785.6
86833.211
86833.6
87035.211
87035.6
87495.6
87496.212
87537.2
87537.4
87737.2
87740.5
88137.3
88537.1
88595.6
88855.211
88855.6
88903.211
88903.6
89161.211
89161.6
89498.6
89499.212
89542.2
89542.4
89742.2
89751.5
90142.3
90542.1
90735.6
91068.6
91069.212
91107.2
91107.4
91293.5
91307.2
91642.4
91651.5
91686.4
91707.3
91817.5
91882.4
91928.5
91939.4
92005.5
92094.6
92107.1
92325.6
92586.211
92586.6
92824.211
92824.6
93097.211
93097.6
93231.4
93276.5
93348.211
93348.6
93566.211
93566.6
93722.211
93722.6
94017.211
94017.6
94267.211
94267.6
94325.211
94325.6
94577.211
94577.6
94960.6
94961.212
95004.2
95004.4
95194.5
95204.2
95604.3
96004.1
96165.6
96344.211
96344.6
96495.211
96495.6
96673.211
96673.6
96845.211
96845.6
96906.4
96928.5
97040.211
97040.6
97228.211
97228.6
97484.211
97484.6
97742.211
97742.6
97834.211
97834.6
98058.211
98058.6
98302.211
98302.6
98549.211
98549.6
98870.6
98871.212
98908.2
98908.4
99108.2
99111.5
99394.4
99447.5
99461.4
99490.5
99508.3
99604.4
99639.5
99695.6
99908.1
100010.6
100331.6
100332.212
100372.2
100372.4
100572.2
100583.5
100972.3
101003.4
101021.5
101029.4
101095.5
101143.4
101236.5
101252.4
101288.5
101372.1
101675.6
101745.211
101745.6
101968.211
101968.6
102014.211
102014.6
102111.4
102125.5
102191.211
102191.6
102426.211
102426.6
102704.211
102704.6
102736.211
102736.6
102967.211
102967.6
103036.4
103056.5
103171.211
103171.6
103369.211
103369.6
103705.6
103706.212
103753.2
103753.4
103946.5
103948.4
103951.5
103953.2
104267.4
104271.5
104276.4
104305.5
104312.4
104353.3
104366.5
104753.1
104824.6
105062.211
105062.6
105311.4
105313.5
105408.6
105409.212
105448.2
105448.4
105648.2
105665.5
106048.3
106090.4
106170.5
106172.4
106246.5
106293.4
106338.5
106393.6
106448.1
106631.6
106953.6
106954.212
106989.2
106989.4
107189.2
107189.5
107190.4
107193.5
107589.3
107626.4
107704.5
107707.4
107731.5
107770.4
107803.5
107989.1
109255.6
109300.211
109300.6
109647.6
109648.212
109685.2
109685.4
109885.2
109907.5
110285.3
110335.4
110396.5
110397.4
110422.5
110685.1
110763.6
111018.211
111018.6
111103.211
111103.6
111167.4
111249.5
111276.4
111310.5
111400.211
111400.6
111668.211
111668.6
112023.6
112024.212
112078.2
112078.4
112266.5
112268.4
112275.5
112278.2
112678.3
113078.1
113169.6
113513.6
113514.212
113553.2
113553.4
113742.5
113753.2
114153.3
114528.6
114553.1
114745.6
115033.211
115033.6
115437.6
115438.212
115477.2
115477.4
115677.2
115687.5
116077.3
116477.1
116669.6
116938.211
116938.6
117215.211
117215.6
117442.211
117442.6
117877.6
117878.212
117916.2
117916.4
118116.2
118136.5
118516.3
118916.1
118916.6
118980.6
119386.6
119387.212
119423.2
119423.4
119622.5
119623.2
119635.4
119636.5
119637.4
119641.5
120023.3
120423.1
120549.6
120815.211
120815.6
120950.211
120950.6
121252.6
121253.212
121288.2
121288.4
121488.2
121501.5
121888.3
122288.1
122421.6
122727.6
122728.212
122772.2
122772.4
122972.2
122976.5
123372.3
123399.4
123443.5
123447.4
123450.5
123772.1
123925.6
124291.6
124292.212
124330.2
124330.4
124530.2
124543.5
124930.3
124993.4
125012.5
125019.4
125078.5
125086.4
125150.5
125160.4
125293.5
125330.1
125389.6
125697.6
125698.212
125748.2
125748.4
125938.5
125939.4
125947.5
125948.2
126348.3
126406.4
126436.5
126453.4
126522.5
126621.4
126643.5
126694.6
126748.1
127045.6
127342.211
127342.6
127683.6
127684.212
127720.2
127720.4
127920.2
127926.5
128320.3
128720.1
128828.6
129227.6
129228.212
129259.2
129259.4
129459.2
129478.5
129859.3
130259.1
130395.6
130756.6
130757.212
130803.2
130803.4
130999.5
131003.2
131403.3
131803.1
131978.6
132097.211
132097.6
132148.4
132166.5
132236.211
132236.6
132492.211
132492.6
132884.6
132885.212
132930.2
132930.4
133130.2
133145.5
133149.4
133151.5
133530.3
133930.1
134009.6
134293.211
134293.6
134333.211
134333.6
134623.211
134623.6
134963.6
134964.212
135000.2
135000.4
135200.2
135227.5
135600.3
136000.1
136065.6
136179.211
136179.6
136359.211
136359.6
136470.211
136470.6
136494.211
136494.6
136572.211
136572.6
136870.211
136870.6
136944.211
136944.6
137114.211
137114.6
137404.211
137404.6
137477.211
137477.6
137804.6
137805.212
137848.2
137848.4
138045.5
138048.2
138448.3
138848.1
139204.6
139498.211
139498.6
139585.211
139585.6
139908.6
139909.212
139948.2
139948.4
140148.2
140152.5
140548.3
140948.1
141794.6
142103.6
142104.212
142144.2
142144.4
142344.2
142370.5
142422.4
142423.5
142744.3
143144.1
143278.6
143570.211
143570.6
143833.211
143833.6
144159.6
144160.212
144218.2
144218.4
144418.2
144419.5
144818.3
145218.1
145480.6
145586.211
145586.6
147112.6
147113.212
147165.2
147165.4
147359.5
147365.2
147765.3
148165.1
148295.6
148546.211
148546.6
148784.211
148784.6
149048.211
149048.6
149354.6
149355.212
149396.2
149396.4
149586.5
149596.2
149996.3
150014.4
150150.5
150396.1
150644.6
150789.211
150789.6
150858.4
150882.5
150934.211
150934.6
151013.4
151096.5
151156.211
151156.6
151399.211
151399.6
151846.6
151847.212
151888.2
151888.4
152088.2
152110.5
152483.4
152488.3
152523.5
152888.1
153137.6
153503.6
153504.212
153565.2
153565.4
153764.5
153765.2
154165.3
154565.1
154695.6
154772.211
154772.6
155528.6
155529.212
155581.2
155581.4
155781.2
155785.5
156181.3
156581.1
156790.6
156848.211
156848.6
157262.6
157263.212
157374.2
157374.4
157574.2
157575.5
157974.3
158374.1
158799.6
158888.211
158888.6
159174.211
159174.6
159331.211
159331.6
159439.211
159439.6
159602.211
159602.6
159835.211
159835.6
159868.211
159868.6
160441.6
160442.212
160503.2
160503.4
160703.2
160709.5
160717.4
160718.5
161103.3
161151.4
161208.5
161503.1
161996.6
162205.211
162205.6
162639.6
162640.212
162700.2
162700.4
162900.2
162914.5
163274.4
163300.3
163417.5
163459.4
163490.5
163700.1
164110.6
164189.4
164214.5
164271.211
164271.6
164329.211
164329.6
164766.6
164767.212
164830.2
164830.4
165018.5
165030.2
165308.4
165310.5
165312.4
165324.5
165341.4
165388.5
165430.3
165830.1
166238.6
166944.6
166945.212
167012.2
167012.4
167212.2
167231.5
167236.4
167237.5
167240.4
167242.5
167377.4
167379.5
167612.3
168012.1
168201.6
168489.211
168489.6
168626.4
168647.5
168710.211
168710.6
168745.211
168745.6
169018.211
169018.6
169553.6
169554.212
169597.2
169597.4
169797.2
169825.5
169848.4
169849.5
169874.4
169875.5
169887.4
169888.5
169900.4
169902.5
170088.4
170197.3
170213.5
170597.1
171025.6
171515.6
171516.212
171566.2
171566.4
171766.2
171789.5
171799.4
171800.5
172166.3
172566.1
172796.6
172860.211
172860.6
173853.6
173854.212
173915.2
173915.4
174115.2
174125.5
174515.3
174915.1
175394.6
175422.211
175422.6
175466.211
175466.6
175934.6
175935.212
175981.2
175981.4
176181.2
176192.5
176539.4
176547.5
176548.4
176559.5
176579.4
176581.3
176642.5
176759.6
176981.1
177484.6
177523.211
177523.6
177779.211
177779.6
177817.211
177817.6
177881.4
177959.5
178003.211
178003.6
178038.211
178038.6
178144.211
178144.6
178439.211
178439.6
178491.211
178491.6
178608.211
178608.6
178863.211
178863.6
179247.6
179248.212
179294.2
179294.4
179494.2
179511.5
179810.4
179820.5
180000.9
123456789
