4
07
17
4
07
17
0
0
0
3
14
25
00
14
58
00
6
2
2448
0
0
0
314159265
74
2
485
180000
314159265
0.1
260.6
296.211
296.6
315.211
315.6
400.4
407.5
533.211
533.6
584.211
584.6
623.4
630.5
631.4
650.5
661.4
705.5
781.211
781.6
849.4
861.5
866.4
888.5
893.4
922.5
988.211
988.6
1006.211
1006.6
1019.211
1019.6
1033.211
1033.6
1072.4
1084.5
1196.211
1196.6
1217.211
1217.6
1303.211
1303.6
1481.211
1481.6
1564.4
1580.5
1581.4
1584.5
1675.211
1675.6
1702.211
1702.6
1942.211
1942.6
2011.4
2016.5
2031.4
2042.5
2050.4
2062.5
2067.4
2081.5
2084.4
2106.5
2280.212
2280.6
2339.2
2339.4
2539.3
2578.5
2582.4
2586.5
2637.4
2642.5
2647.4
2891.5
2895.4
2903.5
2909.4
2932.5
3165.4
3202.5
3339.1
3423.6
3605.211
3605.6
3614.211
3614.6
3756.211
3756.6
3809.211
3809.6
3861.211
3861.6
3930.211
3930.6
4025.211
4025.6
4067.211
4067.6
4160.211
4160.6
4216.211
4216.6
4308.211
4308.6
4344.211
4344.6
4409.211
4409.6
4433.211
4433.6
4511.211
4511.6
4659.211
4659.6
4695.211
4695.6
4736.211
4736.6
4824.211
4824.6
5142.212
5142.6
5200.2
5200.4
5209.5
5213.4
5223.5
5232.4
5400.3
5439.5
5465.4
5671.5
5922.4
5939.5
5956.4
6022.5
6200.1
6244.6
6370.211
6370.6
6421.211
6421.6
6474.211
6474.6
6560.211
6560.6
6569.211
6569.6
6627.211
6627.6
6742.211
6742.6
6810.211
6810.6
6829.211
6829.6
6900.211
6900.6
6925.211
6925.6
7071.211
7071.6
7103.211
7103.6
7375.211
7375.6
7457.4
7459.5
7467.4
7478.5
7479.4
7481.5
7485.4
7504.5
7513.4
7543.5
7747.212
7747.6
7801.2
7801.4
7813.5
7814.4
7816.5
7819.4
8001.3
8046.5
8091.4
8342.5
8596.4
8607.5
8631.4
8638.5
8801.1
8811.6
8846.211
8846.6
8902.211
8902.6
8928.211
8928.6
9011.211
9011.6
9081.211
9081.6
9105.211
9105.6
9149.211
9149.6
9180.211
9180.6
9296.211
9296.6
9370.211
9370.6
9388.211
9388.6
9440.211
9440.6
9563.211
9563.6
9617.211
9617.6
9796.211
9796.6
9850.4
9860.5
9863.4
9879.5
9951.211
9951.6
9963.211
9963.6
9977.211
9977.6
10013.211
10013.6
10051.4
10081.5
10084.4
10105.5
10108.4
10136.5
10228.211
10228.6
10238.211
10238.6
10260.211
10260.6
10307.4
10320.5
10321.4
10334.5
10337.4
10359.5
10486.211
10486.6
10556.4
10560.5
10571.4
10620.5
10721.211
10721.6
11009.211
11009.6
11111.211
11111.6
11373.211
11373.6
12129.212
12129.6
12177.2
12177.4
12179.5
12189.4
12198.5
12206.4
12377.3
12415.5
12423.4
12425.5
12429.4
12435.5
12450.4
12653.5
13177.1
13240.6
13249.211
13249.6
13264.211
13264.6
13278.211
13278.6
13343.211
13343.6
13401.211
13401.6
13460.211
13460.6
13559.211
13559.6
13774.211
13774.6
13914.211
13914.6
13976.4
13983.5
14283.212
14283.6
14319.6
14361.2
14361.4
14373.5
14379.4
14561.3
14599.5
14617.4
14622.5
14627.4
14838.5
14865.4
14871.5
15361.1
15532.6
15550.211
15550.6
15688.211
15688.6
15724.4
15729.5
15733.4
15739.5
15747.4
15818.5
15918.211
15918.6
15956.4
15971.5
15973.4
15974.5
15975.4
15978.5
15987.4
15998.5
16054.211
16054.6
16089.211
16089.6
16097.211
16097.6
16129.211
16129.6
16234.211
16234.6
16565.212
16565.6
16619.2
16619.4
16645.5
16650.4
16819.3
16855.5
16871.4
16877.5
16891.4
17127.5
17387.4
17390.5
17488.6
17619.1
17885.6
17899.211
17899.6
17944.4
17950.5
17957.4
17966.5
17976.4
18000.5
18067.211
18067.6
18126.4
18145.5
18148.4
18160.5
18163.4
18323.5
18326.4
18344.5
18405.4
18406.5
18419.4
18428.5
18496.212
18496.6
18555.6
18593.2
18593.4
18793.3
18826.5
18849.4
18857.5
18859.4
19075.5
19273.4
19298.5
19406.6
19527.6
19538.6
19593.1
19757.6
19824.4
19830.5
19840.4
19861.5
19964.211
19964.6
20028.4
20063.5
20071.4
20104.5
20106.4
20108.5
20238.211
20238.6
20343.4
20508.5
20649.212
20649.6
20710.2
20710.4
20728.5
20735.4
20910.3
20942.5
20944.4
20946.5
20984.4
21156.5
21579.6
21710.1
21726.6
21878.211
21878.6
21939.4
21952.5
21956.4
21989.5
21996.4
22013.5
22131.211
22131.6
22165.211
22165.6
22299.211
22299.6
22478.211
22478.6
22619.211
22619.6
22724.4
22735.5
23120.212
23120.6
23171.6
23205.2
23205.4
23405.3
23441.5
23457.4
23461.5
23463.4
23471.5
23478.4
23632.5
23896.4
23925.5
24205.1
24289.6
24393.211
24393.6
24468.211
24468.6
24503.211
24503.6
24569.211
24569.6
24735.211
24735.6
24867.211
24867.6
25023.211
25023.6
25065.211
25065.6
25113.211
25113.6
25183.211
25183.6
25454.211
25454.6
25689.211
25689.6
25967.211
25967.6
26087.4
26097.5
26199.211
26199.6
26292.211
26292.6
26415.4
26417.5
26578.211
26578.6
26726.4
26734.5
26735.4
26736.5
26742.4
26753.5
26760.4
26776.5
27094.212
27094.6
27132.2
27132.4
27145.5
27146.4
27158.5
27166.4
27332.3
27373.5
27375.4
27381.5
27385.4
27388.5
27402.4
27576.5
28132.1
28391.6
28463.211
28463.6
28500.211
28500.6
28610.211
28610.6
28653.211
28653.6
28695.211
28695.6
28823.4
28837.5
28840.4
28879.5
28892.4
28908.5
29154.212
29154.6
29215.2
29215.4
29230.5
29240.4
29415.3
29454.5
29469.4
29475.5
29477.4
29726.5
30215.1
30343.6
30389.211
30389.6
30483.211
30483.6
30533.211
30533.6
30542.211
30542.6
30636.211
30636.6
30650.211
30650.6
30678.211
30678.6
30691.211
30691.6
30806.211
30806.6
30893.211
30893.6
30960.211
30960.6
31030.211
31030.6
31099.211
31099.6
31230.211
31230.6
31262.211
31262.6
31282.211
31282.6
31323.211
31323.6
31355.211
31355.6
31687.212
31687.6
31731.2
31731.4
31742.5
31743.4
31745.5
31746.4
31931.3
31965.5
31966.4
31974.5
31978.4
31984.5
31996.4
32146.5
32731.1
32959.6
32981.211
32981.6
32997.211
32997.6
33080.211
33080.6
33230.211
33230.6
33523.211
33523.6
33534.211
33534.6
33706.211
33706.6
34280.212
34280.6
34324.6
34372.2
34372.4
34572.3
34607.5
34623.4
34778.5
35372.1
35542.6
35577.211
35577.6
35608.4
35624.5
35630.4
35677.5
35792.211
35792.6
35827.4
35843.5
35851.4
35909.5
35943.4
36052.5
36061.4
36128.5
36352.212
36352.6
36426.2
36426.4
36437.5
36442.4
36626.3
36666.5
36681.4
36841.5
36851.4
36876.5
37426.1
37504.6
37519.211
37519.6
37552.211
37552.6
37651.211
37651.6
37689.211
37689.6
37747.4
37762.5
37843.211
37843.6
37872.211
37872.6
37945.4
37960.5
37961.4
37979.5
37991.4
38007.5
38105.211
38105.6
38117.211
38117.6
38247.4
38264.5
38407.211
38407.6
38514.4
38532.5
38539.4
38559.5
38690.211
38690.6
39442.212
39442.6
39489.2
39489.4
39496.5
39502.4
39503.5
39505.4
39507.5
39512.4
39689.3
39718.5
39762.4
39769.5
39786.4
39789.5
39790.4
39958.5
40387.6
40489.1
40499.6
40616.211
40616.6
40707.211
40707.6
40727.211
40727.6
40735.211
40735.6
40977.211
40977.6
41031.4
41044.5
41045.4
41049.5
41050.4
41063.5
41069.4
41091.5
41161.211
41161.6
41285.4
41287.5
41335.211
41335.6
41543.211
41543.6
41678.211
41678.6
41920.211
41920.6
42005.211
42005.6
42260.211
42260.6
42430.211
42430.6
42751.212
42751.6
42790.2
42790.4
42804.5
42813.4
42829.5
42830.4
42990.3
43028.5
43041.4
43048.5
43073.4
43079.5
43087.4
43089.5
43092.4
43293.5
43300.4
43385.5
43550.4
43555.5
43563.4
43594.5
43790.1
43884.6
43907.211
43907.6
43940.4
43952.5
44020.211
44020.6
44372.212
44372.6
44438.2
44438.4
44447.5
44449.4
44451.5
44453.4
44466.5
44467.4
44638.3
44681.5
44696.4
44700.5
44719.4
44722.5
44727.4
44732.5
44748.4
44754.5
44755.4
44920.5
45438.1
45547.6
45617.211
45617.6
45765.211
45765.6
45789.211
45789.6
45981.211
45981.6
45993.211
45993.6
46180.211
46180.6
46460.211
46460.6
46566.211
46566.6
46679.211
46679.6
46825.211
46825.6
46882.211
46882.6
47004.4
47010.5
47133.211
47133.6
47161.211
47161.6
47263.4
47273.5
47289.4
47310.5
47479.212
47479.6
47555.2
47555.4
47755.3
47793.5
47809.4
47813.5
47827.4
47973.5
48555.1
48813.6
48886.211
48886.6
48927.211
48927.6
49053.211
49053.6
49126.4
49134.5
49142.4
49157.5
49293.211
49293.6
49317.211
49317.6
49434.211
49434.6
49880.212
49880.6
49887.6
49941.2
49941.4
49950.5
49951.4
49958.5
49968.4
50141.3
50179.5
50193.4
50199.5
50206.4
50209.5
50217.4
50230.5
50236.4
50390.5
50941.1
51019.6
51084.211
51084.6
51257.211
51257.6
51364.211
51364.6
51618.211
51618.6
51629.211
51629.6
51727.211
51727.6
52046.212
52046.6
52116.2
52116.4
52124.5
52131.4
52142.5
52145.4
52316.3
52354.5
52356.4
52358.5
52365.4
52369.5
52373.4
52378.5
52383.4
52390.5
52394.4
52399.5
52415.4
52420.5
52429.4
52431.5
52445.4
52601.5
52627.4
52649.5
53116.1
53295.6
53400.211
53400.6
53529.211
53529.6
53550.211
53550.6
53656.211
53656.6
53689.211
53689.6
53790.211
53790.6
53972.211
53972.6
53999.211
53999.6
54332.212
54332.6
54382.6
54433.6
54556.2
54556.4
54756.3
54792.5
54819.4
54824.5
54833.4
55066.5
55374.8
55422.4
55437.5
55556.1
55795.6
56004.211
56004.6
56169.211
56169.6
56184.211
56184.6
56331.211
56331.6
56481.4
56486.5
56718.212
56718.6
56774.6
56867.6
56932.2
56932.4
57132.3
57168.5
57170.4
57173.5
57191.4
57197.5
57202.4
57344.5
57439.6
57932.1
58083.6
58170.211
58170.6
58243.211
58243.6
58430.211
58430.6
58535.4
58539.5
58550.4
58560.5
58572.4
58587.5
58644.211
58644.6
58660.211
58660.6
58771.211
58771.6
58785.211
58785.6
58908.211
58908.6
58982.211
58982.6
59029.211
59029.6
59065.211
59065.6
59220.211
59220.6
59466.211
59466.6
59557.211
59557.6
59786.211
59786.6
59900.211
59900.6
60246.212
60246.6
60300.2
60300.4
60308.5
60309.4
60310.5
60325.4
60500.3
60539.5
60554.4
60557.5
60566.4
60568.5
60587.4
60589.5
60593.4
60599.5
60604.4
60745.5
61300.1
61399.6
61496.211
61496.6
61840.212
61840.6
61854.6
61889.2
61889.4
61897.5
61899.4
61900.5
61906.4
61919.5
61924.4
62089.3
62128.5
62144.4
62148.5
62173.4
62180.5
62185.4
62321.5
62889.1
64004.6
64044.211
64044.6
64152.211
64152.6
64341.211
64341.6
64477.211
64477.6
64593.211
64593.6
64758.4
64773.5
64862.211
64862.6
64886.211
64886.6
65366.212
65366.6
65393.6
65426.2
65426.4
65445.5
65457.4
65626.3
65663.5
65666.4
65672.5
65703.4
65704.5
65713.4
65714.5
65734.4
65735.5
65739.4
65917.5
66426.1
66486.6
66499.211
66499.6
66569.211
66569.6
66662.211
66662.6
66776.211
66776.6
67063.211
67063.6
67191.4
67195.5
67250.211
67250.6
67539.211
67539.6
67657.211
67657.6
67958.212
67958.6
67990.6
68028.2
68028.4
68043.5
68055.4
68228.3
68267.5
68345.4
68499.5
69028.1
69203.6
69216.211
69216.6
69267.211
69267.6
69383.211
69383.6
69404.211
69404.6
69424.211
69424.6
69510.211
69510.6
69775.211
69775.6
69912.211
69912.6
70054.211
70054.6
70357.212
70357.6
70439.2
70439.4
70639.3
70677.5
70760.4
70884.5
71439.1
71581.6
71639.211
71639.6
71844.211
71844.6
71889.211
71889.6
71960.211
71960.6
72241.211
72241.6
72560.212
72560.6
72642.6
72695.2
72695.4
72895.3
72933.5
72977.4
73114.5
73695.1
73888.6
73913.211
73913.6
73993.211
73993.6
74007.211
74007.6
74176.211
74176.6
74748.212
74748.6
74804.6
74855.2
74855.4
75055.3
75090.5
75160.4
75165.5
75173.4
75175.5
75179.4
75300.5
75694.8
75855.1
75990.6
76074.4
76076.5
76128.211
76128.6
76270.211
76270.6
76460.211
76460.6
76818.212
76818.6
76911.2
76911.4
76914.5
76915.4
77111.3
77145.5
77201.4
77325.5
77344.4
77521.5
77655.4
77685.5
77911.1
77949.6
78144.211
78144.6
78521.212
78521.6
78577.2
78577.4
78586.5
78590.4
78593.5
78594.4
78596.5
78601.4
78777.3
78813.5
78883.4
79027.5
79549.6
79577.1
79617.6
79782.211
79782.6
79832.211
79832.6
79993.211
79993.6
80155.211
80155.6
80178.211
80178.6
80487.212
80487.6
80551.2
80551.4
80564.5
80572.4
80751.3
80789.5
80824.4
80976.5
81273.6
81551.1
81706.6
81817.211
81817.6
81912.211
81912.6
82013.211
82013.6
82040.211
82040.6
82057.211
82057.6
82264.211
82264.6
82477.211
82477.6
82486.211
82486.6
82501.211
82501.6
82886.212
82886.6
82910.6
82943.2
82943.4
82951.5
82957.4
82968.5
82975.4
83143.3
83180.5
83197.4
83201.5
83218.4
83343.5
83943.1
84124.6
84247.211
84247.6
84281.211
84281.6
84358.211
84358.6
84492.211
84492.6
84590.211
84590.6
84674.211
84674.6
84779.211
84779.6
84814.211
84814.6
85076.211
85076.6
85112.211
85112.6
85243.211
85243.6
85256.211
85256.6
85394.211
85394.6
85493.4
85502.5
85515.4
85558.5
85697.212
85697.6
85768.2
85768.4
85778.5
85785.4
85968.3
86007.5
86028.4
86029.5
86034.4
86040.5
86048.4
86049.5
86056.4
86165.5
86768.1
86957.6
87075.211
87075.6
87176.211
87176.6
88121.212
88121.6
88176.2
88176.4
88184.5
88186.4
88188.5
88201.4
88376.3
88393.5
88480.4
88699.5
89142.6
89176.1
89428.6
89451.211
89451.6
89506.211
89506.6
89544.211
89544.6
89600.211
89600.6
89729.211
89729.6
90000.211
90000.6
90046.211
90046.6
90153.211
90153.6
90412.211
90412.6
90478.211
90478.6
90552.211
90552.6
90628.4
90633.5
90703.211
90703.6
90713.211
90713.6
90740.211
90740.6
90909.211
90909.6
91066.211
91066.6
91332.211
91332.6
91444.211
91444.6
91549.211
91549.6
91765.211
91765.6
91965.211
91965.6
91996.211
91996.6
92156.211
92156.6
92392.211
92392.6
92535.4
92538.5
92625.211
92625.6
92649.211
92649.6
92687.4
92694.5
92705.4
92709.5
92723.4
92733.5
92737.4
92739.5
92743.4
92759.5
92845.211
92845.6
92909.211
92909.6
93295.212
93295.6
93339.2
93339.4
93345.5
93360.4
93539.3
93569.5
93571.4
93572.5
93627.4
93629.5
93646.4
93755.5
94145.6
94339.1
94442.6
94482.211
94482.6
94685.211
94685.6
94986.212
94986.6
95042.6
95092.2
95092.4
95292.3
95327.5
95329.4
95335.5
95384.4
95389.5
95390.4
95522.5
96092.1
96237.6
96267.211
96267.6
96277.211
96277.6
96348.211
96348.6
96446.4
96448.5
96512.211
96512.6
96614.211
96614.6
96715.4
96724.5
96732.4
96755.5
96852.211
96852.6
96917.211
96917.6
96988.211
96988.6
97374.212
97374.6
97389.6
97398.6
97439.2
97439.4
97453.5
97466.4
97639.3
97675.5
97679.4
97685.5
97725.4
97844.5
98439.1
98611.6
98634.211
98634.6
98774.211
98774.6
98949.211
98949.6
98997.211
98997.6
99260.211
99260.6
99274.211
99274.6
99300.211
99300.6
99494.211
99494.6
99610.211
99610.6
99897.211
99897.6
100090.211
100090.6
100207.4
100211.5
100363.211
100363.6
100712.212
100712.6
100776.2
100776.4
100790.5
100802.4
100976.3
101012.5
101051.4
101054.5
101070.4
101190.5
101776.1
102051.6
102129.211
102129.6
102162.211
102162.6
102330.211
102330.6
102461.211
102461.6
102750.211
102750.6
102800.211
102800.6
103126.212
103126.6
103188.2
103188.4
103196.5
103206.4
103388.3
103427.5
103455.4
103459.5
103487.4
103492.5
103499.4
103503.5
103518.4
103620.5
104188.1
104460.6
104816.212
104816.6
104842.6
104876.2
104876.4
104893.5
104894.4
104897.5
104900.4
105076.3
105108.5
105109.4
105110.5
105143.4
105146.5
105151.4
105280.5
105876.1
106267.6
106293.211
106293.6
106383.211
106383.6
106599.211
106599.6
106611.211
106611.6
106860.211
106860.6
106870.211
106870.6
106907.211
106907.6
106979.211
106979.6
107205.211
107205.6
107301.211
107301.6
107387.211
107387.6
107574.211
107574.6
107741.211
107741.6
107821.211
107821.6
108103.211
108103.6
108429.212
108429.6
108487.2
108487.4
108500.5
108505.4
108687.3
108723.5
108751.4
108754.5
108763.4
108869.5
109487.1
109720.6
109827.211
109827.6
110365.212
110365.6
110445.2
110445.4
110453.5
110464.4
110465.5
110467.4
110468.5
110469.4
110645.3
110684.5
110700.4
110705.5
110730.4
110833.5
111445.1
111690.6
111768.211
111768.6
112043.211
112043.6
112182.211
112182.6
112284.211
112284.6
112421.211
112421.6
112539.211
112539.6
112557.211
112557.6
113098.212
113098.6
113140.2
113140.4
113152.5
113154.4
113156.5
113167.4
113340.3
113377.5
113405.4
113407.5
113426.4
113521.5
114140.1
114370.6
114480.211
114480.6
114490.211
114490.6
114897.212
114897.6
114914.6
114949.2
114949.4
114958.5
114972.4
115149.3
115188.5
115190.4
115192.5
115194.4
115195.5
115212.4
115217.5
115244.4
115249.5
115256.4
115342.5
115949.1
116210.6
116600.212
116600.6
116635.6
116667.2
116667.4
116678.5
116691.4
116867.3
116906.5
116948.4
116950.5
116965.4
117062.5
117667.1
118146.6
118213.211
118213.6
118242.211
118242.6
118336.211
118336.6
118512.211
118512.6
118519.211
118519.6
118602.211
118602.6
119710.212
119710.6
119751.2
119751.4
119755.5
119765.4
119768.5
119770.4
119951.3
119983.5
120013.4
120014.5
120042.4
120047.5
120073.4
120231.5
120751.1
120880.6
120903.211
120903.6
120933.4
120941.5
121011.211
121011.6
121027.211
121027.6
121118.211
121118.6
121237.211
121237.6
121293.211
121293.6
121364.211
121364.6
121398.211
121398.6
121672.211
121672.6
121718.211
121718.6
121868.211
121868.6
122258.212
122258.6
122275.6
122330.2
122330.4
122334.5
122345.4
122530.3
122570.5
122631.4
122635.5
122655.4
122780.5
123330.1
123469.6
123484.211
123484.6
123501.211
123501.6
123585.211
123585.6
123680.211
123680.6
123942.211
123942.6
123980.211
123980.6
124048.211
124048.6
124187.211
124187.6
124538.212
124538.6
124575.6
124612.2
124612.4
124625.5
124626.4
124628.5
124632.4
124812.3
124844.5
124846.4
124852.5
124910.4
124917.5
124922.4
124928.5
124935.4
125046.5
125612.1
125707.6
125763.211
125763.6
125894.211
125894.6
125909.211
125909.6
125980.211
125980.6
126253.211
126253.6
126290.211
126290.6
126349.211
126349.6
126608.211
126608.6
126651.211
126651.6
126671.211
126671.6
126722.4
126724.5
126793.211
126793.6
126992.211
126992.6
127016.211
127016.6
127144.211
127144.6
127157.211
127157.6
127196.211
127196.6
127522.212
127522.6
127595.2
127595.4
127605.5
127607.4
127613.5
127619.4
127795.3
127827.5
127828.4
127834.5
127863.4
127866.5
127881.4
128011.5
128120.6
128250.6
128595.1
128900.6
128943.211
128943.6
129035.211
129035.6
129164.211
129164.6
129177.211
129177.6
129733.212
129733.6
129798.2
129798.4
129804.5
129806.4
129809.5
129816.4
129998.3
130033.5
130082.4
130085.5
130086.4
130174.5
130798.1
130986.6
131141.211
131141.6
131529.212
131529.6
131593.2
131593.4
131603.5
131614.4
131793.3
131826.5
131855.4
131857.5
131864.4
131889.5
132593.1
132857.6
133108.211
133108.6
133240.211
133240.6
133347.211
133347.6
133445.211
133445.6
133567.4
133569.5
133573.4
133575.5
133843.212
133843.6
133900.2
133900.4
133918.5
133920.4
134100.3
134135.5
134171.4
134175.5
134191.4
134194.5
134254.4
134351.5
134900.1
135165.6
135189.211
135189.6
135500.212
135500.6
135542.2
135542.4
135554.5
135561.4
135742.3
135780.5
135782.4
135788.5
135838.4
135840.5
135853.4
135855.5
135858.4
135861.5
135956.4
136041.5
136542.1
136851.6
136881.211
136881.6
136948.211
136948.6
137037.211
137037.6
137684.212
137684.6
137702.6
137738.2
137738.4
137749.5
137750.4
137752.5
137753.4
137766.5
137767.4
137938.3
137973.5
138143.4
138227.5
138738.1
138826.6
138923.211
138923.6
139515.212
139515.6
139555.2
139555.4
139565.5
139566.4
139570.5
139571.4
139755.3
139791.5
139794.4
139797.5
139798.4
139799.5
139850.4
139856.5
139912.4
139994.5
140555.1
140750.6
140772.211
140772.6
140825.211
140825.6
140830.211
140830.6
141117.211
141117.6
141316.211
141316.6
141532.211
141532.6
141628.211
141628.6
142005.212
142005.6
142044.2
142044.4
142054.5
142067.4
142244.3
142279.5
142280.4
142287.5
142406.4
142489.5
143044.1
143180.6
143202.211
143202.6
143283.211
143283.6
143305.211
143305.6
144173.212
144173.6
144226.2
144226.4
144238.5
144245.4
144426.3
144466.5
144467.4
144468.5
144519.4
144523.5
144625.4
144701.5
145226.1
145399.6
145487.211
145487.6
145563.211
145563.6
145805.211
145805.6
145954.211
145954.6
146075.4
146080.5
146145.211
146145.6
146205.211
146205.6
146480.211
146480.6
146821.212
146821.6
146887.2
146887.4
146900.5
146906.4
147087.3
147123.5
147181.4
147182.5
147223.4
147293.5
147887.1
148344.6
148459.211
148459.6
148545.211
148545.6
148680.211
148680.6
148838.211
148838.6
148958.211
148958.6
148975.211
148975.6
149013.211
149013.6
149057.211
149057.6
149335.211
149335.6
149373.211
149373.6
149454.211
149454.6
149463.211
149463.6
149488.211
149488.6
149609.211
149609.6
149775.211
149775.6
149936.211
149936.6
150214.211
150214.6
150238.211
150238.6
150339.211
150339.6
150504.211
150504.6
150530.211
150530.6
150899.212
150899.6
150903.6
150982.2
150982.4
151182.3
151215.5
151216.4
151219.5
151261.4
151356.5
151982.1
152765.6
152781.211
152781.6
152845.211
152845.6
153331.212
153331.6
153357.6
153404.2
153404.4
153413.5
153414.4
153417.5
153420.4
153421.5
153422.4
153604.3
153646.5
154404.1
154854.6
154946.211
154946.6
155281.212
155281.6
155323.6
155354.2
155354.4
155367.5
155368.4
155370.5
155378.4
155554.3
155575.5
155612.4
155614.5
155641.4
155648.5
155656.4
155658.5
155667.4
155790.5
156354.1
156376.6
156463.211
156463.6
156485.211
156485.6
157098.212
157098.6
157152.2
157152.4
157159.5
157169.4
157352.3
157391.5
157453.4
157454.5
157485.4
157490.5
157605.4
157725.5
158152.1
158332.6
158419.211
158419.6
158657.211
158657.6
159112.212
159112.6
159124.6
159163.2
159163.4
159174.5
159175.4
159179.5
159185.4
159363.3
159399.5
160163.1
160473.6
160528.211
160528.6
160579.211
160579.6
160635.211
160635.6
160906.211
160906.6
161019.211
161019.6
161615.212
161615.6
161678.2
161678.4
161692.5
161698.4
161878.3
161915.5
162049.4
162153.5
162678.1
162788.6
162915.211
162915.6
163342.212
163342.6
163411.2
163411.4
163420.5
163421.4
163423.5
163427.4
163431.5
163437.4
163611.3
163654.5
163705.4
163709.5
163739.4
163741.5
163748.4
163753.5
163781.4
163785.5
163814.4
163929.5
164411.1
164440.6
164703.211
164703.6
165243.212
165243.6
165290.2
165290.4
165299.5
165312.4
165490.3
165523.5
165561.4
165566.5
165713.4
165798.5
166290.1
166434.6
166470.211
166470.6
166905.212
166905.6
166979.2
166979.4
166980.5
166992.4
167179.3
167220.5
167979.1
168349.6
168382.211
168382.6
168794.212
168794.6
168863.2
168863.4
168879.5
168888.4
169063.3
169098.5
169157.4
169159.5
169863.1
170279.6
170299.211
170299.6
170353.211
170353.6
170367.211
170367.6
170740.212
170740.6
170840.2
170840.4
170842.5
170843.4
171040.3
171077.5
171129.4
171261.5
171840.1
172866.6
173244.212
173244.6
173283.2
173283.4
173292.5
173303.4
173483.3
173520.5
174283.1
174448.6
174488.211
174488.6
175103.212
175103.6
175147.2
175147.4
175168.5
175174.4
175347.3
175382.5
175383.4
175390.5
175460.4
175568.5
176147.1
176550.6
177119.212
177119.6
177184.2
177184.4
177196.5
177197.4
177209.5
177210.4
177384.3
177421.5
178184.1
178439.6
178540.211
178540.6
178557.211
178557.6
178644.211
178644.6
178714.4
178735.5
178805.211
178805.6
179266.212
179266.6
179286.6
179328.2
179328.4
179338.5
179349.4
179528.3
179564.5
179658.4
180000.9
123456789
4
08
17
4
08
17
0
0
0
3
14
26
24
14
59
23
6
2
2395
0
0
0
314159265
67
5
448
180000
314159265
0.1
1.4
2.5
289.6
326.4
347.5
357.4
368.5
480.211
480.6
509.211
509.6
561.4
576.5
653.211
653.6
835.211
835.6
885.211
885.6
1232.6
1233.212
1265.2
1265.4
1278.5
1282.4
1294.5
1300.4
1465.2
1502.5
1504.4
1510.5
1561.4
1565.5
1568.4
1834.5
1865.3
2045.4
2049.5
2165.6
2230.4
2248.5
2256.4
2265.1
2269.5
2280.4
2302.5
2415.6
2470.211
2470.6
2488.211
2488.6
2847.6
2848.212
2865.6
2917.2
2917.4
2934.5
2936.4
3117.2
3155.5
3160.4
3166.5
3172.4
3173.5
3191.4
3198.5
3201.4
3497.5
3517.3
3795.6
3821.6
3856.4
3874.5
3917.1
3997.6
4012.211
4012.6
4046.211
4046.6
4188.211
4188.6
4296.211
4296.6
4403.211
4403.6
4419.211
4419.6
4472.211
4472.6
4650.211
4650.6
4668.211
4668.6
4772.211
4772.6
5243.6
5244.212
5285.2
5285.4
5304.5
5306.4
5485.2
5524.5
5571.4
5781.5
5885.3
6285.1
6823.6
6861.211
6861.6
6987.211
6987.6
6997.211
6997.6
7050.211
7050.6
7374.6
7375.212
7413.2
7413.4
7430.5
7431.4
7613.2
7647.5
7671.4
7674.5
7675.4
7676.5
7685.4
7687.5
7692.4
7697.5
7714.4
7720.5
7725.4
7727.5
7728.4
7732.5
7736.4
7750.5
7768.4
8005.5
8013.3
8249.4
8252.5
8313.6
8413.1
8562.6
8664.211
8664.6
8697.211
8697.6
8800.211
8800.6
8813.211
8813.6
9092.211
9092.6
9133.211
9133.6
9177.4
9178.5
9270.211
9270.6
9382.211
9382.6
9636.211
9636.6
9676.211
9676.6
9750.4
9754.5
9812.211
9812.6
9851.211
9851.6
9959.211
9959.6
10097.211
10097.6
10115.211
10115.6
10421.6
10422.212
10446.6
10482.2
10482.4
10497.5
10505.4
10682.2
10720.5
10766.4
10772.5
10789.4
10980.5
11082.3
11319.6
11482.1
11617.6
11637.211
11637.6
11925.211
11925.6
11953.211
11953.6
12021.211
12021.6
12035.211
12035.6
12133.211
12133.6
12515.6
12516.212
12573.2
12573.4
12585.5
12586.4
12589.5
12591.4
12592.5
12599.4
12773.2
12813.5
12851.4
13033.5
13060.4
13087.5
13173.3
13463.6
13573.1
13645.6
13680.211
13680.6
13710.211
13710.6
13897.211
13897.6
13935.211
13935.6
14000.211
14000.6
14295.211
14295.6
14389.211
14389.6
14740.6
14741.212
14813.2
14813.4
14818.5
14826.4
15013.2
15051.5
15090.4
15308.5
15413.3
15813.1
16021.6
16130.211
16130.6
16166.211
16166.6
16473.6
16474.212
16537.2
16537.4
16544.5
16557.4
16737.2
16775.5
16790.4
16795.5
16811.4
16999.5
17137.3
17510.6
17537.1
17541.6
17631.211
17631.6
17640.211
17640.6
17654.211
17654.6
17701.211
17701.6
17771.211
17771.6
17800.211
17800.6
17953.211
17953.6
18046.211
18046.6
18127.211
18127.6
18302.211
18302.6
18306.211
18306.6
18343.211
18343.6
18422.211
18422.6
18505.211
18505.6
18758.211
18758.6
18793.211
18793.6
18854.211
18854.6
18901.211
18901.6
18927.211
18927.6
19041.211
19041.6
19129.211
19129.6
19217.211
19217.6
19490.211
19490.6
19690.211
19690.6
19707.211
19707.6
19858.4
19862.5
20173.6
20174.212
20211.2
20211.4
20242.5
20243.4
20411.2
20444.5
20446.4
20449.5
20450.4
20452.5
20468.4
20472.5
20494.4
20658.5
20811.3
21151.4
21153.5
21157.4
21162.5
21211.1
21295.6
21390.211
21390.6
21494.211
21494.6
21605.4
21635.5
21684.211
21684.6
21691.211
21691.6
21985.211
21985.6
22005.211
22005.6
22087.211
22087.6
22128.4
22134.5
22197.211
22197.6
22240.211
22240.6
22391.211
22391.6
22500.211
22500.6
22709.211
22709.6
22858.211
22858.6
23099.211
23099.6
23109.211
23109.6
23417.6
23418.212
23477.2
23477.4
23487.5
23488.4
23489.5
23512.4
23677.2
23715.5
23751.4
23757.5
23772.4
23967.5
24077.3
24117.8
24201.4
24241.5
24429.6
24444.6
24477.1
24770.6
24809.211
24809.6
24945.211
24945.6
24978.211
24978.6
25083.211
25083.6
25099.211
25099.6
25133.211
25133.6
25259.211
25259.6
25567.6
25568.212
25660.2
25660.4
25860.2
25900.5
25917.4
25919.5
25920.4
25921.5
25937.4
26132.5
26260.3
26436.6
26621.6
26647.6
26660.1
26672.6
26884.211
26884.6
26924.211
26924.6
27127.211
27127.6
27225.211
27225.6
27599.6
27600.212
27671.2
27671.4
27681.5
27688.4
27871.2
27911.5
27951.4
27953.5
27957.4
27965.5
27968.4
27975.5
27977.4
27985.5
27989.4
28177.5
28194.4
28201.5
28271.3
28671.1
28770.6
29039.211
29039.6
29138.211
29138.6
29241.211
29241.6
30158.6
30159.212
30216.2
30216.4
30233.5
30241.4
30416.2
30421.5
30423.4
30425.5
30488.4
30493.5
30521.4
30526.5
30547.4
30751.5
30816.3
31216.1
31276.6
31470.211
31470.6
31653.211
31653.6
31677.211
31677.6
31813.211
31813.6
32072.211
32072.6
32167.211
32167.6
32245.211
32245.6
32288.211
32288.6
32546.211
32546.6
32635.4
32645.5
32648.4
32655.5
32739.211
32739.6
32824.211
32824.6
32914.211
32914.6
33134.211
33134.6
33250.211
33250.6
33474.211
33474.6
33511.211
33511.6
33618.211
33618.6
33737.211
33737.6
33974.211
33974.6
34086.211
34086.6
34200.211
34200.6
34243.211
34243.6
34334.211
34334.6
34651.6
34652.212
34693.2
34693.4
34704.5
34706.4
34707.5
34710.4
34712.5
34713.4
34893.2
34930.5
34978.4
34980.5
34985.4
34990.5
35009.4
35012.5
35016.4
35022.5
35027.4
35255.5
35293.3
35693.1
35926.6
36057.211
36057.6
36097.211
36097.6
36383.211
36383.6
36390.211
36390.6
36417.211
36417.6
36712.211
36712.6
36925.211
36925.6
37046.211
37046.6
37235.211
37235.6
37250.211
37250.6
37571.6
37572.212
37634.2
37634.4
37645.5
37653.4
37834.2
37872.5
37876.4
37882.5
37918.4
37922.5
37940.4
38112.5
38234.3
38634.1
38663.6
38950.211
38950.6
39014.211
39014.6
39242.211
39242.6
39284.211
39284.6
39344.4
39351.5
39430.211
39430.6
39577.211
39577.6
39598.211
39598.6
39937.6
39938.212
39987.2
39987.4
40003.5
40004.4
40006.5
40007.4
40187.2
40227.5
40273.4
40279.5
40298.4
40456.5
40587.3
40987.1
41219.6
41278.211
41278.6
41470.211
41470.6
41609.211
41609.6
41912.6
41913.212
41985.2
41985.4
41993.5
42008.4
42185.2
42222.5
42250.4
42253.5
42258.4
42260.5
42261.4
42262.5
42277.4
42286.5
42287.4
42473.5
42585.3
42726.4
42771.5
42985.1
43075.6
43227.211
43227.6
43252.211
43252.6
43332.211
43332.6
43606.211
43606.6
43704.211
43704.6
43840.211
43840.6
44165.6
44166.212
44230.2
44230.4
44246.5
44255.4
44430.2
44467.5
44524.4
44532.5
44547.4
44721.5
44733.4
44787.5
44830.3
45230.1
45419.6
45435.211
45435.6
45496.211
45496.6
45544.211
45544.6
45788.4
45792.5
45890.6
45891.212
45962.2
45962.4
45967.5
45968.4
46162.2
46198.5
46246.4
46247.5
46257.4
46258.5
46274.4
46448.5
46466.4
46480.5
46562.3
46962.1
47097.6
47197.211
47197.6
47297.211
47297.6
47483.211
47483.6
47501.211
47501.6
47650.211
47650.6
47782.211
47782.6
47820.211
47820.6
48143.6
48144.212
48207.2
48207.4
48215.5
48217.4
48218.5
48230.4
48407.2
48444.5
48493.4
48497.5
48525.4
48701.5
48720.4
48740.5
48807.3
49207.1
49750.6
50226.6
50227.212
50277.2
50277.4
50281.5
50283.4
50291.5
50299.4
50309.5
50310.4
50313.5
50315.4
50474.5
50477.2
50477.4
50483.5
50489.4
50491.5
50523.4
50526.5
50544.4
50548.5
50554.4
50559.5
50568.4
50571.5
50575.4
50582.5
50592.4
50807.5
50877.3
51057.6
51062.6
51137.6
51277.1
51283.6
51369.211
51369.6
51380.211
51380.6
51638.211
51638.6
51648.211
51648.6
51820.211
51820.6
51827.211
51827.6
51903.211
51903.6
52069.211
52069.6
52106.211
52106.6
52265.211
52265.6
52668.6
52669.212
52684.6
52720.2
52720.4
52733.5
52745.4
52920.2
52954.5
52955.4
52957.5
53020.4
53025.5
53042.4
53048.5
53056.4
53058.5
53062.4
53069.5
53209.4
53320.3
53434.5
53720.1
53815.6
53930.211
53930.6
53941.211
53941.6
53979.211
53979.6
54017.211
54017.6
54125.211
54125.6
54282.211
54282.6
54422.211
54422.6
54573.211
54573.6
54586.211
54586.6
54772.211
54772.6
54793.211
54793.6
54894.211
54894.6
54912.211
54912.6
54950.211
54950.6
55003.211
55003.6
55247.211
55247.6
55284.211
55284.6
55447.211
55447.6
55470.211
55470.6
55634.211
55634.6
55970.6
55971.212
56031.2
56031.4
56043.5
56045.4
56231.2
56272.5
56324.4
56326.5
56364.4
56523.5
56631.3
56812.4
56819.5
56820.4
56859.5
56970.6
56987.6
57031.1
57551.6
57621.211
57621.6
57718.211
57718.6
57813.211
57813.6
57932.211
57932.6
57974.211
57974.6
58025.211
58025.6
58051.211
58051.6
58363.6
58364.212
58428.2
58428.4
58628.2
58667.5
58695.4
58696.5
58697.4
58699.5
58727.4
58732.5
58751.4
58753.5
58761.4
58919.5
59028.3
59428.1
59541.6
59781.211
59781.6
59834.211
59834.6
59966.211
59966.6
60046.211
60046.6
60398.6
60399.212
60435.6
60468.2
60468.4
60482.5
60493.4
60668.2
60709.5
60765.4
60771.5
60778.4
60780.5
60789.4
60943.5
61068.3
61468.1
61648.6
61747.211
61747.6
61908.211
61908.6
61965.211
61965.6
62004.211
62004.6
62078.211
62078.6
62353.211
62353.6
62511.211
62511.6
62751.211
62751.6
62800.211
62800.6
62902.211
62902.6
63082.211
63082.6
63122.4
63133.5
63139.4
63149.5
63156.4
63174.5
63175.4
63203.5
63282.211
63282.6
63569.4
63571.5
63636.6
63637.212
63701.2
63701.4
63901.2
63938.5
63942.4
63947.5
63972.4
63979.5
64005.4
64010.5
64016.4
64021.5
64035.4
64199.5
64301.3
64701.1
64905.6
64972.211
64972.6
65115.211
65115.6
65190.211
65190.6
65331.211
65331.6
65341.211
65341.6
65505.211
65505.6
65676.211
65676.6
65698.211
65698.6
66055.6
66056.212
66117.2
66117.4
66123.5
66135.4
66317.2
66358.5
66407.4
66411.5
66430.4
66608.5
66717.3
67117.1
67128.6
67345.211
67345.6
67369.211
67369.6
67390.211
67390.6
67466.211
67466.6
67517.211
67517.6
67697.211
67697.6
67745.211
67745.6
67865.211
67865.6
68016.211
68016.6
68310.211
68310.6
68380.211
68380.6
68610.211
68610.6
68643.211
68643.6
68734.211
68734.6
68810.211
68810.6
69073.211
69073.6
69266.211
69266.6
69392.211
69392.6
69697.6
69698.212
69753.2
69753.4
69759.5
69766.4
69953.2
69991.5
70039.4
70041.5
70090.4
70234.5
70353.3
70753.1
70893.6
71110.211
71110.6
71136.211
71136.6
71179.211
71179.6
71233.211
71233.6
71386.211
71386.6
71685.211
71685.6
71706.211
71706.6
71816.211
71816.6
72042.211
72042.6
72305.211
72305.6
72397.211
72397.6
72465.211
72465.6
72696.211
72696.6
72705.211
72705.6
72732.211
72732.6
72805.211
72805.6
72913.4
72924.5
73138.6
73139.212
73152.6
73196.2
73196.4
73207.5
73211.4
73212.5
73223.4
73396.2
73435.5
73495.4
73500.5
73577.4
73728.5
73796.3
74196.1
74347.6
74467.211
74467.6
74629.211
74629.6
74875.211
74875.6
75290.6
75291.212
75345.2
75345.4
75365.5
75370.4
75545.2
75586.5
75614.4
75618.5
75622.4
75629.5
75649.4
75650.5
75655.4
75660.5
75686.4
75842.5
75945.3
76345.1
77095.6
77241.4
77255.5
77263.4
77275.5
77369.211
77369.6
77608.211
77608.6
77679.211
77679.6
77873.211
77873.6
77958.211
77958.6
78224.211
78224.6
78364.211
78364.6
78555.211
78555.6
78571.211
78571.6
78683.211
78683.6
78866.211
78866.6
79023.211
79023.6
79111.211
79111.6
79119.211
79119.6
79299.211
79299.6
79358.211
79358.6
79479.211
79479.6
79561.211
79561.6
79640.211
79640.6
79656.211
79656.6
79905.211
79905.6
79987.211
79987.6
80100.211
80100.6
80235.4
80260.5
80435.6
80436.212
80496.2
80496.4
80522.5
80528.4
80696.2
80739.5
80840.4
80845.5
80853.4
81010.5
81096.3
81496.1
81654.6
81772.211
81772.6
81928.211
81928.6
82134.211
82134.6
82183.211
82183.6
82462.211
82462.6
82546.211
82546.6
82588.211
82588.6
82593.211
82593.6
82746.211
82746.6
82760.211
82760.6
82943.211
82943.6
83420.6
83421.212
83474.2
83474.4
83483.5
83491.4
83674.2
83705.5
83806.4
83812.5
83840.4
83844.5
83910.4
84073.5
84074.3
84474.1
84712.6
84779.211
84779.6
85030.211
85030.6
85088.211
85088.6
85146.211
85146.6
85331.211
85331.6
85441.211
85441.6
85688.211
85688.6
85806.211
85806.6
85843.211
85843.6
85996.211
85996.6
86004.211
86004.6
86298.211
86298.6
86307.211
86307.6
86420.211
86420.6
86474.211
86474.6
86634.4
86643.5
86704.211
86704.6
87229.6
87230.212
87276.2
87276.4
87283.5
87303.4
87304.5
87305.4
87476.2
87518.5
87633.4
87637.5
87644.4
87796.5
87876.3
88276.1
88480.6
88753.211
88753.6
88852.211
88852.6
88937.211
88937.6
89209.211
89209.6
89295.4
89309.5
89366.211
89366.6
89499.4
89642.5
89900.6
89901.212
89955.2
89955.4
90155.2
90189.5
90341.4
90555.3
90583.5
90607.4
90641.5
90654.4
90793.5
90955.1
90958.6
91057.211
91057.6
91076.211
91076.6
91391.6
91392.212
91397.6
91449.2
91449.4
91461.5
91470.4
91649.2
91671.5
91728.4
91734.5
91762.4
91766.5
91773.4
91777.5
91788.4
91967.5
91980.4
92031.5
92049.3
92229.8
92258.8
92324.4
92342.5
92348.4
92353.5
92371.4
92374.5
92389.4
92390.5
92449.1
92496.4
92517.5
92518.4
92635.5
92710.4
92712.5
92823.6
92867.211
92867.6
92945.211
92945.6
93039.211
93039.6
93183.211
93183.6
93223.211
93223.6
93375.211
93375.6
93844.6
93845.212
93906.2
93906.4
93916.5
93923.4
94106.2
94136.5
94231.4
94398.5
94506.3
94906.1
95415.6
95518.211
95518.6
95641.4
95652.5
95748.211
95748.6
96004.211
96004.6
96030.211
96030.6
96131.211
96131.6
96162.211
96162.6
96239.211
96239.6
96291.211
96291.6
96570.211
96570.6
96646.211
96646.6
96730.211
96730.6
96920.211
96920.6
96969.211
96969.6
97050.211
97050.6
97260.211
97260.6
97348.211
97348.6
97452.211
97452.6
97644.211
97644.6
97856.211
97856.6
98007.211
98007.6
98045.211
98045.6
98125.211
98125.6
98270.211
98270.6
98582.6
98583.212
98636.2
98636.4
98645.5
98651.4
98836.2
98873.5
98887.4
98893.5
98985.4
98988.5
99015.4
99188.5
99209.4
99236.3
99251.5
99636.1
100116.6
100486.6
100487.212
100537.2
100537.4
100549.5
100559.4
100737.2
100780.5
100928.4
100931.5
100961.4
100965.5
101013.4
101137.3
101246.5
101537.1
101724.6
101809.211
101809.6
101929.211
101929.6
102022.211
102022.6
102151.211
102151.6
102306.211
102306.6
102516.211
102516.6
102625.211
102625.6
102759.211
102759.6
102949.211
102949.6
103033.211
103033.6
103169.211
103169.6
103264.211
103264.6
103307.211
103307.6
103427.211
103427.6
103632.211
103632.6
103734.211
103734.6
103930.211
103930.6
103980.211
103980.6
104285.6
104286.212
104338.2
104338.4
104349.5
104358.4
104538.2
104572.5
104664.4
104668.5
104696.4
104702.5
104709.4
104712.5
104725.4
104860.5
104938.3
105338.1
105516.6
105552.211
105552.6
105777.211
105777.6
105783.211
105783.6
105913.211
105913.6
106161.211
106161.6
106166.211
106166.6
106228.211
106228.6
106878.6
106879.212
106947.2
106947.4
107110.5
107114.4
107119.5
107136.4
107137.5
107147.2
107168.4
107170.5
107179.4
107217.5
107222.4
107225.5
107229.4
107236.5
107242.4
107258.5
107263.4
107268.5
107272.4
107279.5
107283.4
107508.5
107547.3
107920.4
107947.1
108005.5
108088.6
108185.211
108185.6
108402.211
108402.6
108553.211
108553.6
108687.211
108687.6
108804.211
108804.6
108998.211
108998.6
109230.211
109230.6
109245.211
109245.6
109423.211
109423.6
109638.211
109638.6
109670.211
109670.6
109727.211
109727.6
109747.211
109747.6
109792.211
109792.6
109863.211
109863.6
109978.211
109978.6
109989.211
109989.6
110308.6
110309.212
110369.2
110369.4
110385.5
110393.4
110569.2
110606.5
110632.4
110635.5
110765.4
110912.5
110943.4
110944.5
110969.3
111369.1
111742.6
111863.211
111863.6
112132.4
112148.5
112236.6
112237.212
112303.2
112303.4
112316.5
112321.4
112325.5
112332.4
112503.2
112539.5
112665.4
112671.5
112698.4
112704.5
112711.4
112716.5
112721.4
112845.5
112903.3
113303.1
113749.6
114143.6
114144.212
114225.2
114225.4
114425.2
114465.5
114481.4
114484.5
114549.4
114551.5
114582.4
114586.5
114616.4
114619.5
114627.4
114776.5
114825.3
115225.1
115299.6
115698.6
115699.212
115745.2
115745.4
115753.5
115764.4
115945.2
115982.5
116076.4
116078.5
116120.4
116124.5
116145.4
116292.5
116345.3
116745.1
116954.6
117046.211
117046.6
117222.211
117222.6
117232.211
117232.6
117479.211
117479.6
117578.211
117578.6
117699.4
117722.5
117802.211
117802.6
118046.211
118046.6
118128.211
118128.6
118355.211
118355.6
118412.211
118412.6
118637.211
118637.6
118762.211
118762.6
118966.211
118966.6
119077.211
119077.6
119216.211
119216.6
119375.211
119375.6
119759.6
119760.212
119810.2
119810.4
119823.5
119830.4
120010.2
120052.5
120202.4
120206.5
120209.4
120370.5
120410.3
120810.1
121011.6
121021.211
121021.6
121049.211
121049.6
121080.211
121080.6
121217.4
121247.5
121327.211
121327.6
121518.4
121534.5
121541.4
121663.5
121741.6
121742.212
121786.2
121786.4
121986.2
122022.5
122049.4
122054.5
122084.4
122085.5
122114.4
122254.5
122386.3
122786.1
123718.6
123802.211
123802.6
124269.6
124270.212
124312.2
124312.4
124325.5
124332.4
124356.5
124359.4
124512.2
124525.5
124527.4
124534.5
124541.4
124542.5
124543.4
124545.5
124575.4
124577.5
124607.4
124612.5
124616.4
124623.5
124648.4
124817.5
124912.3
125312.1
125793.6
125873.211
125873.6
126224.6
126225.212
126278.2
126278.4
126294.5
126303.4
126478.2
126513.5
126576.4
126578.5
126583.4
126589.5
126743.4
126851.5
126878.3
127278.1
127837.6
128653.6
128654.212
128704.2
128704.4
128729.5
128730.4
128904.2
128942.5
129067.4
129069.5
129099.4
129105.5
129114.4
129117.5
129118.4
129268.5
129304.3
129704.1
129779.6
130187.6
130188.212
130239.2
130239.4
130249.5
130253.4
130439.2
130457.5
130540.4
130543.5
130651.4
130772.5
130839.3
131239.1
131456.6
131515.211
131515.6
131891.6
131892.212
131934.2
131934.4
131946.5
131947.4
131951.5
131960.4
132134.2
132173.5
132246.4
132248.5
132317.4
132456.5
132534.3
132934.1
133213.6
133451.211
133451.6
133497.211
133497.6
133944.6
133945.212
133951.6
133986.2
133986.4
133994.5
133999.4
134004.5
134009.4
134186.2
134217.5
134232.4
134236.5
134295.4
134299.5
134305.4
134309.5
134372.4
134374.5
134388.4
134561.5
134586.3
134986.1
135180.6
135308.211
135308.6
135498.211
135498.6
135588.211
135588.6
135668.211
135668.6
135811.211
135811.6
135846.211
135846.6
135920.211
135920.6
136134.211
136134.6
136143.211
136143.6
136435.211
136435.6
136584.211
136584.6
136804.211
136804.6
136947.211
136947.6
137116.211
137116.6
137347.211
137347.6
137399.211
137399.6
137664.211
137664.6
137717.211
137717.6
138058.6
138059.212
138102.2
138102.4
138302.2
138336.5
138358.4
138361.5
138391.4
138394.5
138423.4
138428.5
138497.4
138622.5
138702.3
139102.1
139226.6
139264.4
139279.5
139288.4
139312.5
139319.4
139322.5
139377.211
139377.6
139538.211
139538.6
139903.6
139904.212
139912.6
139946.2
139946.4
139964.5
139965.4
140146.2
140182.5
140183.4
140189.5
140377.4
140516.5
140546.3
140946.1
141365.6
142041.6
142042.212
142089.2
142089.4
142289.2
142326.5
142362.4
142366.5
142450.4
142569.5
142689.3
143089.1
143313.6
143465.211
143465.6
143552.211
143552.6
143791.211
143791.6
144091.211
144091.6
144103.211
144103.6
144150.211
144150.6
144405.211
144405.6
144470.211
144470.6
144749.211
144749.6
144864.211
144864.6
145046.211
145046.6
145132.211
145132.6
145224.211
145224.6
145473.211
145473.6
145553.211
145553.6
145629.4
145636.5
145683.211
145683.6
145894.211
145894.6
145971.4
145988.5
146050.211
146050.6
146334.211
146334.6
146433.211
146433.6
146852.6
146853.212
146896.2
146896.4
146919.5
146922.4
147096.2
147136.5
147139.4
147145.5
147206.4
147209.5
147227.4
147364.5
147496.3
147896.1
148430.6
148466.4
148479.5
148483.4
148498.5
148500.4
148527.5
148619.211
148619.6
149240.6
149241.212
149299.2
149299.4
149311.5
149318.4
149499.2
149535.5
149586.4
149588.5
149619.4
149742.5
149899.3
150299.1
151380.6
151433.4
151448.5
152228.8
152230.8
152292.4
152319.5
152399.6
152400.212
152446.2
152446.4
152475.5
152476.4
152646.2
152687.5
152738.4
152741.5
152759.4
152765.5
152777.4
152875.5
153046.3
153446.1
154435.4
154494.5
154600.6
155189.4
155200.5
155264.6
155265.212
155308.2
155308.4
155508.2
155545.5
155602.4
155611.5
155612.4
155782.5
155908.3
156308.1
156772.6
156843.211
156843.6
157246.4
157248.5
157316.6
157317.212
157369.2
157369.4
157376.5
157378.4
157569.2
157605.5
157625.4
157631.5
157636.4
157642.5
157647.4
157652.5
157667.4
157676.5
157683.4
157686.5
157691.4
157696.5
157705.4
157810.5
157969.3
158369.1
159091.6
159169.211
159169.6
159185.211
159185.6
159744.6
159745.212
159782.2
159782.4
159794.5
159795.4
159799.5
159804.4
159982.2
160017.5
160018.4
160024.5
160074.4
160077.5
160100.4
160194.5
160382.3
160782.1
160904.6
160917.211
160917.6
160943.211
160943.6
160994.211
160994.6
161357.6
161358.212
161391.2
161391.4
161405.5
161407.4
161408.5
161410.4
161591.2
161631.5
161684.4
161686.5
161717.4
161721.5
161748.4
161875.5
161991.3
162391.1
163348.6
163407.211
163407.6
164144.6
164145.212
164179.2
164179.4
164193.5
164194.4
164379.2
164416.5
164437.4
164439.5
164469.4
164472.5
164490.4
164496.5
164523.4
164528.5
164779.3
165179.1
165459.6
165566.211
165566.6
167781.6
167782.212
167824.2
167824.4
168024.2
168025.5
168139.4
168141.5
168142.4
168143.5
168185.4
168358.5
168424.3
168824.1
169384.6
169500.211
169500.6
169883.6
169884.212
169921.2
169921.4
169936.5
169937.4
169959.5
169962.4
170121.2
170154.5
170293.4
170297.5
170418.4
170521.3
170565.5
170921.1
171647.6
171708.211
171708.6
171766.211
171766.6
171795.211
171795.6
171810.211
171810.6
171919.211
171919.6
172110.211
172110.6
172191.211
172191.6
172448.211
172448.6
172650.211
172650.6
172854.211
172854.6
172921.211
172921.6
172929.211
172929.6
173187.211
173187.6
173194.211
173194.6
173247.4
173267.5
173355.211
173355.6
173368.211
173368.6
173493.211
173493.6
173700.4
173706.5
173781.211
173781.6
173860.211
173860.6
173881.211
173881.6
174002.211
174002.6
174027.211
174027.6
174251.211
174251.6
174288.4
174303.5
174305.4
174317.5
174318.4
174359.5
174418.211
174418.6
174668.211
174668.6
174735.211
174735.6
174896.211
174896.6
175062.211
175062.6
175343.211
175343.6
175447.211
175447.6
175735.211
175735.6
175768.211
175768.6
176219.6
176220.212
176262.2
176262.4
176266.5
176275.4
176287.5
176293.4
176462.2
176500.5
176502.4
176505.5
176506.4
176507.5
176517.4
176519.5
176591.4
176593.5
176624.4
176627.5
176655.4
176778.5
176862.3
177262.1
178158.6
178727.6
178728.212
178776.2
178776.4
178790.5
178791.4
178976.2
179008.5
179068.4
179069.5
179376.3
179776.1
180000.9
123456789
4
09
17
4
09
17
0
0
0
3
14
30
38
15
03
39
6
2
2138
0
0
0
314159265
77
2
491
180000
314159265
0.1
144.6
479.6
480.212
528.2
528.4
540.5
546.4
555.5
564.4
728.2
767.5
827.4
832.5
843.4
1016.5
1128.3
1251.6
1257.6
1389.4
1415.5
1519.6
1528.1
1668.6
1854.211
1854.6
1947.211
1947.6
2133.211
2133.6
2246.211
2246.6
2264.211
2264.6
2716.6
2717.212
2774.2
2774.4
2783.5
2791.4
2974.2
3010.5
3011.4
3018.5
3035.4
3040.5
3056.4
3253.5
3374.3
3774.1
3920.6
4017.211
4017.6
4056.211
4056.6
4084.211
4084.6
4316.211
4316.6
4539.211
4539.6
4604.211
4604.6
4677.211
4677.6
4928.211
4928.6
5024.211
5024.6
5432.6
5433.212
5715.2
5715.4
5915.2
5952.5
5995.4
5998.5
6026.4
6216.5
6315.3
6411.4
6439.5
6678.6
6715.1
7040.6
7386.4
7395.5
7405.4
7420.5
7422.4
7423.5
7428.4
7451.5
7560.6
7561.212
7606.2
7606.4
7635.5
7640.4
7806.2
7846.5
7895.4
7897.5
7917.4
7919.5
7944.4
8185.5
8206.3
8606.1
8691.6
9021.6
9022.212
9064.2
9064.4
9089.5
9093.4
9094.5
9095.4
9264.2
9298.5
9323.4
9325.5
9354.4
9359.5
9404.4
9588.5
9664.3
10064.1
10239.6
10323.211
10323.6
10404.211
10404.6
10667.211
10667.6
10765.211
10765.6
10858.211
10858.6
10906.211
10906.6
11110.211
11110.6
11312.211
11312.6
11360.211
11360.6
11483.4
11485.5
11488.4
11528.5
11534.4
11548.5
11645.211
11645.6
11749.211
11749.6
12041.211
12041.6
12243.4
12250.5
12309.4
12322.5
12381.6
12382.212
12430.2
12430.4
12444.5
12445.4
12449.5
12461.4
12630.2
12667.5
12724.4
12730.5
12749.4
12923.5
13030.3
13430.1
13598.6
13945.6
13946.212
13998.2
13998.4
14012.5
14017.4
14026.5
14035.4
14198.2
14238.5
14244.4
14245.5
14246.4
14249.5
14274.4
14278.5
14297.4
14474.5
14598.3
14910.4
14922.5
14924.4
14972.5
14998.1
15010.4
15071.5
15144.6
15263.211
15263.6
15498.211
15498.6
15576.211
15576.6
15732.211
15732.6
16000.211
16000.6
16205.211
16205.6
16455.211
16455.6
16520.211
16520.6
16698.211
16698.6
16982.211
16982.6
17093.211
17093.6
17138.211
17138.6
17267.4
17298.5
17379.211
17379.6
17615.211
17615.6
17661.4
17681.5
17686.4
17748.5
17758.4
17763.5
17832.211
17832.6
18035.4
18043.5
18119.211
18119.6
18129.211
18129.6
18376.211
18376.6
18446.4
18451.5
18515.211
18515.6
18788.211
18788.6
19131.6
19132.212
19178.2
19178.4
19189.5
19192.4
19378.2
19416.5
19433.4
19438.5
19455.4
19457.5
19486.4
19644.5
19778.3
20178.1
20234.6
20550.6
20551.212
20651.2
20651.4
20654.5
20659.4
20851.2
20857.5
20943.4
21135.5
21251.3
21391.4
21400.5
21408.4
21445.5
21646.4
21649.5
21651.1
21726.6
21788.211
21788.6
21846.211
21846.6
22328.6
22329.212
22391.2
22391.4
22400.5
22408.4
22591.2
22630.5
22715.4
22891.5
22991.3
23391.1
23529.6
23716.4
23722.5
23847.6
23848.212
23889.2
23889.4
23905.5
23909.4
23924.5
23928.4
24089.2
24120.5
24177.4
24180.5
24199.4
24202.5
24211.4
24213.5
24224.4
24386.5
24489.3
24764.4
24771.5
24889.1
25257.6
25327.211
25327.6
25408.211
25408.6
25535.211
25535.6
26096.6
26097.212
26151.2
26151.4
26166.5
26176.4
26351.2
26382.5
26428.4
26429.5
26451.4
26453.5
26459.4
26465.5
26474.4
26605.5
26751.3
27151.1
27381.6
27465.211
27465.6
28011.6
28012.212
28043.2
28043.4
28057.5
28062.4
28243.2
28285.5
28310.4
28313.5
28343.4
28346.5
28375.4
28378.5
28406.4
28411.5
28450.4
28454.5
28461.4
28463.5
28475.4
28616.5
28643.3
29043.1
29137.6
29381.211
29381.6
29748.6
29749.212
29793.2
29793.4
29807.5
29810.4
29812.5
29814.4
29829.5
29831.4
29993.2
30030.5
30120.4
30124.5
30152.4
30157.5
30174.4
30393.3
30432.5
30673.8
30727.4
30793.1
30812.5
30931.6
31022.211
31022.6
31057.211
31057.6
31270.211
31270.6
31423.211
31423.6
31538.4
31548.5
31552.4
31752.5
31831.6
31832.212
31868.2
31868.4
31886.5
31890.4
32068.2
32108.5
32189.4
32191.5
32198.4
32203.5
32222.4
32224.5
32254.4
32259.5
32298.4
32443.5
32468.3
32715.4
32790.5
32868.1
33101.6
33163.211
33163.6
33275.211
33275.6
33381.4
33397.5
33400.4
33416.5
33422.4
33471.5
33556.211
33556.6
33589.211
33589.6
33635.211
33635.6
33781.211
33781.6
33937.211
33937.6
34002.211
34002.6
34222.211
34222.6
34233.211
34233.6
34350.211
34350.6
34414.211
34414.6
34622.211
34622.6
34711.211
34711.6
34800.4
34814.5
35031.6
35032.212
35108.2
35108.4
35308.2
35350.5
35367.4
35370.5
35398.4
35404.5
35432.4
35436.5
35455.4
35576.5
35708.3
35848.4
35870.5
36108.1
36321.6
36342.211
36342.6
36780.6
36781.212
36828.2
36828.4
36845.5
36846.4
36848.5
36849.4
36851.5
36852.4
37028.2
37066.5
37094.4
37096.5
37125.4
37128.5
37159.4
37160.5
37191.4
37318.5
37348.4
37428.3
37460.5
37828.1
38034.6
38216.211
38216.6
38286.211
38286.6
38329.211
38329.6
38386.211
38386.6
38585.4
38595.5
38596.4
38698.5
38851.6
38852.212
38910.2
38910.4
38924.5
38928.4
39110.2
39146.5
39151.4
39152.5
39204.4
39210.5
39226.4
39361.5
39510.3
39910.1
40362.6
40424.211
40424.6
40567.4
40572.5
40582.4
40592.5
40601.4
40610.5
40624.4
40636.5
40703.211
40703.6
40763.211
40763.6
40811.211
40811.6
40861.211
40861.6
40912.4
40924.5
40927.4
40937.5
40938.4
40940.5
40943.4
40978.5
40980.4
40998.5
41068.211
41068.6
41091.211
41091.6
41239.211
41239.6
41443.211
41443.6
41549.211
41549.6
41928.6
41929.212
41969.2
41969.4
41985.5
41987.4
42003.5
42008.4
42169.2
42208.5
42224.4
42229.5
42288.4
42294.5
42313.4
42457.5
42569.3
42902.6
42969.1
43512.6
43562.211
43562.6
44079.6
44080.212
44113.2
44113.4
44124.5
44128.4
44313.2
44350.5
44376.4
44382.5
44409.4
44416.5
44440.4
44594.5
44713.3
45113.1
45913.6
45981.211
45981.6
46079.211
46079.6
46189.4
46199.5
46275.211
46275.6
46578.6
46579.212
46612.2
46612.4
46632.5
46633.4
46644.5
46650.4
46812.2
46854.5
46871.4
46873.5
46946.4
46948.5
46959.4
46960.5
46988.4
46993.5
47021.4
47171.5
47212.3
47612.1
47882.6
48269.6
48270.212
48297.2
48297.4
48313.5
48322.4
48497.2
48534.5
48619.4
48621.5
48648.4
48652.5
48681.4
48686.5
48690.4
48827.5
48897.3
49297.1
49850.6
50251.6
50252.212
50301.2
50301.4
50327.5
50335.4
50501.2
50542.5
50623.4
50628.5
50646.4
50648.5
50676.4
50682.5
50687.4
50816.5
50901.3
51301.1
51475.6
51970.6
51971.212
52028.2
52028.4
52228.2
52264.5
52321.4
52327.5
52336.4
52337.5
52356.4
52358.5
52388.4
52390.5
52416.4
52555.5
52628.3
53028.1
53372.6
53430.4
53505.5
53582.211
53582.6
54015.6
54016.212
54082.2
54082.4
54100.5
54104.4
54282.2
54316.5
54375.4
54380.5
54429.4
54435.5
54454.4
54582.5
54682.3
55082.1
55174.6
55240.211
55240.6
55575.6
55576.212
55647.2
55647.4
55669.5
55670.4
55847.2
55885.5
55933.4
55936.5
55966.4
55970.5
55998.4
56138.5
56247.3
56647.1
56873.6
56941.211
56941.6
57094.211
57094.6
57236.211
57236.6
57535.211
57535.6
57815.211
57815.6
57940.211
57940.6
58059.211
58059.6
58404.6
58405.212
58461.2
58461.4
58478.5
58480.4
58661.2
58697.5
58698.4
58701.5
58755.4
58756.5
58784.4
58901.5
59061.3
59461.1
59920.6
59958.4
59966.5
60024.211
60024.6
60085.211
60085.6
60496.6
60497.212
60551.2
60551.4
60561.5
60562.4
60751.2
60784.5
60823.4
60830.5
60856.4
60859.5
60888.4
60891.5
60920.4
61031.5
61151.3
61551.1
61724.6
61845.211
61845.6
61879.211
61879.6
62317.6
62318.212
62360.2
62360.4
62560.2
62603.5
62620.4
62624.5
62682.4
62689.5
62715.4
62721.5
62733.4
62800.5
62960.3
63360.1
63681.6
63765.211
63765.6
64000.211
64000.6
64057.211
64057.6
64180.211
64180.6
64342.211
64342.6
64429.211
64429.6
64682.211
64682.6
64883.211
64883.6
65015.211
65015.6
65334.6
65335.212
65387.2
65387.4
65389.5
65400.4
65587.2
65622.5
65680.4
65683.5
65690.4
65696.5
65721.4
65728.5
65773.4
65891.5
65987.3
66387.1
66634.6
66688.211
66688.6
66708.211
66708.6
67112.6
67113.212
67161.2
67161.4
67175.5
67176.4
67361.2
67396.5
67453.4
67460.5
67485.4
67491.5
67510.4
67666.5
67761.3
68161.1
68670.6
68746.211
68746.6
68785.211
68785.6
69097.6
69098.212
69135.2
69135.4
69154.5
69161.4
69335.2
69370.5
69428.4
69434.5
69462.4
69464.5
69473.4
69576.5
69735.3
70020.6
70135.1
70542.6
70580.211
70580.6
70640.211
70640.6
70757.211
70757.6
70879.211
70879.6
70998.211
70998.6
71126.211
71126.6
71210.211
71210.6
71253.211
71253.6
71363.211
71363.6
71441.211
71441.6
71549.211
71549.6
71557.211
71557.6
71735.4
71739.5
72068.6
72069.212
72112.2
72112.4
72128.5
72135.4
72312.2
72349.5
72370.4
72371.5
72399.4
72405.5
72431.4
72435.5
72460.4
72552.5
72712.3
72971.4
72978.5
73112.1
73281.6
73318.4
73322.5
73333.4
73345.5
73348.4
73365.5
73425.211
73425.6
73892.6
73893.212
73940.2
73940.4
73947.5
73955.4
74140.2
74177.5
74204.4
74206.5
74207.4
74208.5
74229.4
74230.5
74235.4
74241.5
74269.4
74272.5
74303.4
74305.5
74324.4
74412.5
74540.3
74940.1
75286.6
75793.6
75794.212
75832.2
75832.4
75856.5
75864.4
76032.2
76076.5
76136.4
76138.5
76158.4
76162.5
76189.4
76191.5
76432.3
76832.1
77227.6
77282.4
77291.5
77299.4
77321.5
77322.4
77346.5
77353.4
77391.5
77455.211
77455.6
77623.211
77623.6
77882.211
77882.6
77944.211
77944.6
78208.211
78208.6
78278.211
78278.6
78398.211
78398.6
78546.211
78546.6
78578.211
78578.6
78619.4
78684.5
78688.4
78819.5
78889.6
78890.212
78939.2
78939.4
78953.5
78957.4
79139.2
79174.5
79420.4
79493.5
79539.3
79939.1
81913.6
82005.211
82005.6
82058.211
82058.6
82172.4
82179.5
82185.4
82199.5
82206.4
82224.5
82304.211
82304.6
82374.211
82374.6
82614.211
82614.6
83198.6
83199.212
83229.2
83229.4
83249.5
83258.4
83429.2
83461.5
83552.4
83556.5
83619.4
83622.5
83649.4
83681.5
83785.4
83829.3
83890.5
84229.1
84377.6
84691.6
84692.212
84733.2
84733.4
84745.5
84746.4
84748.5
84753.4
84933.2
84971.5
85030.4
85031.5
85062.4
85067.5
85251.4
85333.3
85354.5
85733.1
85879.6
85984.211
85984.6
86181.211
86181.6
86306.211
86306.6
86452.211
86452.6
86687.211
86687.6
86989.6
86990.212
87022.2
87022.4
87032.5
87033.4
87049.5
87053.4
87222.2
87268.5
87361.4
87364.5
87534.4
87622.3
87648.5
87818.4
87829.5
88022.1
88159.6
88469.6
88470.212
88509.2
88509.4
88533.5
88537.4
88709.2
88747.5
88879.4
88884.5
88981.4
89096.5
89109.3
89405.8
89490.4
89506.5
89509.1
89910.6
90075.211
90075.6
90328.211
90328.6
90404.211
90404.6
90558.211
90558.6
90806.211
90806.6
91197.6
91198.212
91245.2
91245.4
91260.5
91269.4
91445.2
91480.5
91503.4
91506.5
91700.4
91789.5
91845.3
92021.4
92023.5
92037.4
92051.5
92245.1
92549.6
92809.211
92809.6
92923.211
92923.6
93291.6
93292.212
93337.2
93337.4
93369.5
93375.4
93537.2
93571.5
93630.4
93635.5
93773.4
93876.5
93937.3
94257.4
94263.5
94271.4
94337.1
94348.5
94425.4
94453.5
94524.6
94575.4
94584.5
94585.4
94587.5
94590.4
94613.5
94760.211
94760.6
94955.211
94955.6
95040.211
95040.6
95230.211
95230.6
95486.211
95486.6
95551.211
95551.6
95915.6
95916.212
95955.2
95955.4
95967.5
95968.4
95972.5
95981.4
96155.2
96194.5
96276.4
96278.5
96286.4
96291.5
96296.4
96302.5
96327.4
96332.5
96360.4
96364.5
96477.4
96555.3
96595.5
96955.1
96969.6
97576.6
97577.212
97623.2
97623.4
97645.5
97652.4
97823.2
97860.5
97863.4
97865.5
98045.4
98134.5
98223.3
98623.1
99098.6
99423.6
99424.212
99467.2
99467.4
99496.5
99501.4
99667.2
99708.5
99836.4
99965.5
100067.3
100467.1
100562.6
100773.211
100773.6
100848.211
100848.6
101230.6
101231.212
101267.2
101267.4
101467.2
101502.5
101505.4
101510.5
101659.4
101661.5
101867.3
102267.1
102891.6
102980.211
102980.6
103121.211
103121.6
103354.211
103354.6
103621.211
103621.6
103698.211
103698.6
103807.211
103807.6
103893.211
103893.6
104114.4
104116.5
104126.4
104138.5
104143.4
104148.5
104223.6
104224.212
104267.2
104267.4
104285.5
104291.4
104467.2
104507.5
104533.4
104536.5
104566.4
104570.5
104599.4
104601.5
104631.4
104635.5
104867.3
105239.4
105244.5
105248.4
105254.5
105267.1
105805.6
106019.211
106019.6
106076.211
106076.6
106150.211
106150.6
106318.211
106318.6
106464.211
106464.6
106593.211
106593.6
106877.211
106877.6
106964.211
106964.6
106977.211
106977.6
107179.211
107179.6
107227.211
107227.6
107537.6
107538.212
107572.2
107572.4
107590.5
107596.4
107772.2
107813.5
107905.4
107907.5
108172.3
108572.1
108729.6
108875.211
108875.6
109110.211
109110.6
109195.211
109195.6
109224.211
109224.6
109351.211
109351.6
109594.211
109594.6
109887.211
109887.6
110131.211
110131.6
110278.211
110278.6
110557.211
110557.6
110702.211
110702.6
110773.211
110773.6
110787.211
110787.6
110794.211
110794.6
110839.211
110839.6
111099.211
111099.6
111351.211
111351.6
111665.6
111666.212
111695.2
111695.4
111711.5
111713.4
111714.5
111719.4
111895.2
111938.5
111952.4
111958.5
111986.4
111988.5
112018.4
112021.5
112084.4
112086.5
112107.4
112110.5
112295.3
112695.1
112718.6
112834.211
112834.6
113227.6
113228.212
113275.2
113275.4
113292.5
113299.4
113475.2
113510.5
113535.4
113539.5
113634.4
113636.5
113665.4
113671.5
113875.3
114275.1
115158.6
115236.211
115236.6
115524.211
115524.6
115906.6
115907.212
115940.2
115940.4
116140.2
116175.5
116201.4
116202.5
116276.4
116279.5
116540.3
116940.1
117313.6
118102.6
118103.212
118148.2
118148.4
118170.5
118177.4
118348.2
118384.5
118510.4
118511.5
118667.4
118719.5
118748.3
119148.1
120042.6
120085.4
120091.5
120095.4
120107.5
120116.4
120138.5
120217.211
120217.6
120589.6
120590.212
120623.2
120623.4
120823.2
120865.5
120957.4
120959.5
120990.4
120991.5
121223.3
121623.1
121848.6
121888.211
121888.6
122043.211
122043.6
122361.6
122362.212
122412.2
122412.4
122436.5
122437.4
122438.5
122439.4
122612.2
122648.5
122656.4
122658.5
123012.3
123289.6
123376.6
123412.1
123585.6
123630.4
123632.5
123709.211
123709.6
123793.211
123793.6
123991.211
123991.6
124041.211
124041.6
124078.211
124078.6
124221.211
124221.6
124326.211
124326.6
124528.211
124528.6
125305.6
125306.212
125342.2
125342.4
125355.5
125366.4
125542.2
125570.5
125571.4
125577.5
125728.4
125729.5
125942.3
126342.1
126832.6
127019.211
127019.6
127303.211
127303.6
127387.211
127387.6
127860.6
127861.212
127908.2
127908.4
128108.2
128133.5
128212.4
128218.5
128245.4
128251.5
128279.4
128283.5
128289.4
128295.5
128356.4
128361.5
128389.4
128395.5
128508.3
128508.4
128639.5
128908.1
129145.4
129148.5
129159.4
129184.5
129185.4
129235.5
129257.4
129338.5
129406.6
129453.4
129468.5
129482.4
129567.5
129682.211
129682.6
129828.211
129828.6
130038.211
130038.6
130124.211
130124.6
130201.211
130201.6
130316.211
130316.6
130508.211
130508.6
130627.211
130627.6
130816.4
130895.5
130969.6
130970.212
131025.2
131025.4
131033.5
131034.4
131036.5
131040.4
131225.2
131266.5
131612.4
131625.3
131709.5
132025.1
132298.6
132889.6
132890.212
132947.2
132947.4
132957.5
132961.4
133147.2
133181.5
133229.4
133233.5
133262.4
133266.5
133547.3
133947.1
134669.6
134759.211
134759.6
134909.211
134909.6
135218.4
135224.5
135250.4
135257.5
135319.6
135320.212
135357.2
135357.4
135557.2
135589.5
135767.4
135769.5
135957.3
136357.1
136589.6
136907.6
136908.212
136963.2
136963.4
136989.5
136990.4
137163.2
137204.5
137288.4
137289.5
137299.4
137303.5
137331.4
137335.5
137563.3
137963.1
138212.6
138379.211
138379.6
138447.211
138447.6
138627.211
138627.6
139001.6
139002.212
139039.2
139039.4
139055.5
139057.4
139058.5
139063.4
139239.2
139280.5
139374.4
139378.5
139387.4
139388.5
139639.3
140039.1
140823.6
140906.211
140906.6
141236.6
141237.212
141276.2
141276.4
141476.2
141514.5
141561.4
141565.5
141583.4
141587.5
141668.4
141671.5
141699.4
141703.5
141876.3
142276.1
142715.6
142792.211
142792.6
142901.211
142901.6
143026.211
143026.6
143422.6
143423.212
143462.2
143462.4
143662.2
143707.5
143832.4
143836.5
144062.3
144462.1
144704.6
144909.211
144909.6
145004.211
145004.6
145042.211
145042.6
145073.211
145073.6
145252.211
145252.6
145295.4
145325.5
145327.4
145375.5
145387.4
145397.5
145491.211
145491.6
145641.211
145641.6
145733.211
145733.6
145996.211
145996.6
146077.211
146077.6
146217.211
146217.6
146284.4
146286.5
146287.4
146298.5
146308.4
146314.5
146417.211
146417.6
146783.6
146784.212
146826.2
146826.4
146848.5
146852.4
147026.2
147061.5
147215.4
147217.5
147225.4
147226.5
147426.3
147826.1
147955.6
148004.4
148042.5
148161.211
148161.6
148194.4
148195.5
148197.4
148200.5
148202.4
148209.5
148220.4
148246.5
148254.4
148266.5
148274.4
148291.5
148349.211
148349.6
148419.211
148419.6
148559.211
148559.6
148649.4
148656.5
148769.211
148769.6
149019.211
149019.6
149073.211
149073.6
149375.6
149376.212
149418.2
149418.4
149437.5
149443.4
149618.2
149655.5
149827.4
149829.5
150018.3
150418.1
150603.6
150676.211
150676.6
150933.211
150933.6
151316.6
151317.212
151357.2
151357.4
151373.5
151384.4
151557.2
151597.5
151601.4
151603.5
151655.4
151658.5
151688.4
151691.5
151957.3
152343.6
152357.1
152368.6
152684.6
152685.212
152719.2
152719.4
152740.5
152742.4
152919.2
152953.5
152955.4
152957.5
152959.4
152960.5
153319.3
153719.1
153967.6
154270.6
154271.212
154318.2
154318.4
154518.2
154557.5
154617.4
154621.5
154918.3
155318.1
155482.6
155614.211
155614.6
155891.211
155891.6
155934.4
155942.5
155943.4
155946.5
155948.4
155964.5
155965.4
155979.5
155980.4
155982.5
156050.211
156050.6
156100.211
156100.6
156106.211
156106.6
156383.211
156383.6
156483.211
156483.6
156520.211
156520.6
156743.211
156743.6
156795.211
156795.6
157007.211
157007.6
157392.6
157393.212
157461.2
157461.4
157474.5
157476.4
157478.5
157480.4
157661.2
157690.5
158061.3
158461.1
158634.6
158670.211
158670.6
158927.211
158927.6
159000.211
159000.6
159153.211
159153.6
159418.211
159418.6
159496.211
159496.6
159565.211
159565.6
159834.211
159834.6
159886.211
159886.6
160099.211
160099.6
160140.4
160142.5
160143.4
160151.5
160159.4
160186.5
160248.211
160248.6
160516.211
160516.6
160639.211
160639.6
160803.4
160805.5
161096.6
161097.212
161130.2
161130.4
161330.2
161372.5
161730.3
162130.1
162639.6
162710.211
162710.6
162803.211
162803.6
162824.211
162824.6
162886.211
162886.6
162956.211
162956.6
163132.211
163132.6
163227.211
163227.6
163433.211
163433.6
163487.211
163487.6
164045.6
164046.212
164084.2
164084.4
164103.5
164112.4
164284.2
164320.5
164380.4
164384.5
164392.4
164395.5
164467.4
164472.5
164684.3
165084.1
165176.6
165235.211
165235.6
165959.6
165960.212
166001.2
166001.4
166201.2
166245.5
166271.4
166275.5
166337.4
166340.5
166601.3
167001.1
167640.6
167678.4
167686.5
167697.4
167705.5
167773.211
167773.6
168574.6
168575.212
168607.2
168607.4
168807.2
168844.5
168846.4
168852.5
168936.4
168940.5
168980.4
168984.5
169207.3
169594.6
169607.1
170129.6
170216.211
170216.6
170586.6
170587.212
170625.2
170625.4
170825.2
170859.5
171019.4
171023.5
171106.4
171193.5
171225.3
171625.1
172179.6
172257.211
172257.6
172334.211
172334.6
172486.211
172486.6
172872.6
172873.212
172902.2
172902.4
172922.5
172923.4
172940.5
172941.4
173102.2
173137.5
173329.4
173356.5
173502.3
173902.1
174206.6
174305.211
174305.6
174360.211
174360.6
174455.211
174455.6
174583.211
174583.6
174650.4
174658.5
174660.4
174696.5
174697.4
174845.5
174943.6
174944.212
174979.2
174979.4
175179.2
175214.5
175579.3
175979.1
176622.6
176670.211
176670.6
176758.211
176758.6
176919.211
176919.6
177132.211
177132.6
177221.211
177221.6
178270.6
178271.212
178316.2
178316.4
178329.5
178335.4
178516.2
178547.5
178709.4
178711.5
178916.3
179316.1
179945.6
180000.9
123456789
4
10
17
4
10
17
0
0
0
3
14
19
37
14
52
37
6
2
1882
0
0
0
314159265
69
2
339
180000
314159265
0.1
10.6
142.211
142.6
194.211
194.6
262.211
262.6
687.6
688.212
744.2
744.4
749.5
763.4
773.5
776.4
944.2
983.5
1063.4
1238.5
1344.3
1512.4
1517.5
1581.6
1648.6
1717.6
1732.6
1744.1
1973.6
2328.6
2329.212
2369.2
2369.4
2384.5
2386.4
2569.2
2612.5
2639.4
2643.5
2656.4
2909.5
2969.3
3245.6
3325.6
3369.1
3488.6
3592.4
3606.5
3774.211
3774.6
3839.211
3839.6
3914.211
3914.6
4197.211
4197.6
4291.4
4339.5
4409.211
4409.6
4472.211
4472.6
4682.211
4682.6
4763.211
4763.6
5117.6
5118.212
5171.2
5171.4
5191.5
5195.4
5371.2
5409.5
5418.4
5419.5
5447.4
5449.5
5458.4
5462.5
5472.4
5641.5
5771.3
6075.6
6102.6
6154.6
6171.1
6530.6
6612.211
6612.6
6733.211
6733.6
6827.4
6834.5
6846.4
6901.5
7018.211
7018.6
7176.211
7176.6
7523.6
7524.212
7562.2
7562.4
7570.5
7576.4
7762.2
7805.5
7854.4
7859.5
7875.4
7881.5
7906.4
8050.5
8162.3
8562.1
8587.6
8660.211
8660.6
8975.6
8976.212
9048.2
9048.4
9067.5
9069.4
9248.2
9286.5
9291.4
9292.5
9293.4
9295.5
9301.4
9306.5
9334.4
9338.5
9363.4
9516.5
9648.3
10048.1
10552.6
10585.4
10630.5
10634.4
10673.5
10744.211
10744.6
10951.211
10951.6
11276.4
11278.5
11750.6
11751.212
11788.2
11788.4
11798.5
11800.4
11810.5
11818.4
11988.2
12025.5
12065.4
12066.5
12073.4
12077.5
12095.4
12100.5
12136.4
12379.5
12388.3
12788.1
12889.6
13150.211
13150.6
13215.211
13215.6
13589.6
13590.212
13621.2
13621.4
13636.5
13642.4
13821.2
13860.5
13874.4
13880.5
13896.4
13899.5
13927.4
13934.5
13938.4
13944.5
13950.4
14114.5
14221.3
14438.8
14479.4
14494.5
14621.1
14900.6
15017.211
15017.6
15084.211
15084.6
15307.211
15307.6
15377.211
15377.6
15617.211
15617.6
15716.211
15716.6
16016.211
16016.6
16073.211
16073.6
16171.211
16171.6
16420.211
16420.6
16461.211
16461.6
16673.211
16673.6
16791.211
16791.6
16979.211
16979.6
17186.211
17186.6
17198.211
17198.6
17439.211
17439.6
17522.211
17522.6
17800.211
17800.6
17860.211
17860.6
18095.211
18095.6
18464.6
18465.212
18557.2
18557.4
18757.2
18796.5
18852.4
18857.5
18875.4
18880.5
18897.4
19031.5
19157.3
19343.4
19393.5
19397.4
19399.5
19557.1
20302.6
20391.211
20391.6
20490.211
20490.6
20522.211
20522.6
20541.211
20541.6
20615.211
20615.6
20840.211
20840.6
20895.211
20895.6
21198.6
21199.212
21252.2
21252.4
21264.5
21273.4
21452.2
21486.5
21533.4
21536.5
21549.4
21693.5
21852.3
22252.1
22276.6
22568.211
22568.6
22585.211
22585.6
22696.211
22696.6
23038.6
23039.212
23081.2
23081.4
23096.5
23097.4
23100.5
23105.4
23281.2
23320.5
23329.4
23330.5
23339.4
23340.5
23368.4
23373.5
23377.4
23382.5
23392.4
23393.5
23398.4
23403.5
23432.4
23594.5
23681.3
24081.1
25373.6
25424.211
25424.6
26001.6
26002.212
26032.2
26032.4
26047.5
26056.4
26232.2
26272.5
26332.4
26337.5
26363.4
26368.5
26394.4
26531.5
26632.3
27032.1
27255.6
27698.6
27699.212
27730.2
27730.4
27743.5
27754.4
27930.2
27974.5
28330.3
28730.1
28924.6
29042.211
29042.6
29077.211
29077.6
29806.6
29807.212
29847.2
29847.4
29873.5
29876.4
30047.2
30081.5
30129.4
30130.5
30149.4
30154.5
30183.4
30186.5
30203.4
30371.5
30447.3
30847.1
31387.6
31393.211
31393.6
31928.6
31929.212
31976.2
31976.4
31990.5
32001.4
32176.2
32217.5
32297.4
32301.5
32373.4
32501.5
32576.3
32976.1
33185.6
33220.211
33220.6
33244.211
33244.6
33417.211
33417.6
33520.211
33520.6
33706.211
33706.6
33803.211
33803.6
33988.211
33988.6
34384.6
34385.212
34431.2
34431.4
34631.2
34669.5
34685.4
34687.5
34771.4
34776.5
34793.4
34924.5
35031.3
35431.1
35509.6
35557.4
35570.5
35572.4
35573.5
35575.4
35604.5
35610.4
35613.5
35620.4
35622.5
35681.211
35681.6
35725.211
35725.6
36095.6
36096.212
36162.2
36162.4
36180.5
36182.4
36183.5
36186.4
36362.2
36405.5
36561.4
36701.5
36762.3
37162.1
38025.6
38279.211
38279.6
38350.211
38350.6
38609.211
38609.6
38655.211
38655.6
38822.211
38822.6
38911.211
38911.6
38979.4
38989.5
39115.211
39115.6
39158.4
39170.5
39177.4
39214.5
39216.4
39262.5
39341.211
39341.6
39415.211
39415.6
39770.6
39771.212
39813.2
39813.4
39831.5
39832.4
39845.5
39848.4
40013.2
40054.5
40180.4
40305.5
40413.3
40766.6
40813.1
40946.4
40950.5
41121.6
41161.211
41161.6
41175.211
41175.6
41534.4
41545.5
41550.4
41561.5
41569.4
41584.5
41785.6
41786.212
41830.2
41830.4
41845.5
41847.4
41849.5
41852.4
42030.2
42067.5
42152.4
42154.5
42182.4
42184.5
42347.4
42361.5
42430.3
42830.1
43541.6
43734.211
43734.6
43846.211
43846.6
43913.211
43913.6
44033.211
44033.6
44044.211
44044.6
44207.211
44207.6
44439.211
44439.6
44589.211
44589.6
44925.6
44926.212
44962.2
44962.4
45162.2
45205.5
45254.4
45259.5
45277.4
45280.5
45309.4
45313.5
45354.4
45358.5
45365.4
45371.5
45562.3
45962.1
46278.6
46621.6
46622.212
46663.2
46663.4
46680.5
46687.4
46863.2
46903.5
47263.3
47663.1
48145.6
48540.6
48541.212
48577.2
48577.4
48580.5
48582.4
48590.5
48599.4
48777.2
48820.5
49177.3
49577.1
49779.6
49862.211
49862.6
50038.211
50038.6
50052.211
50052.6
50271.211
50271.6
50644.6
50645.212
50686.2
50686.4
50886.2
50924.5
51019.4
51032.5
51286.3
51686.1
51960.6
52185.211
52185.6
52555.6
52556.212
52602.2
52602.4
52619.5
52630.4
52802.2
52837.5
52839.4
52841.5
52854.4
52856.5
52865.4
52866.5
52886.4
52887.5
52894.4
52898.5
52916.4
52922.5
52948.4
52951.5
53059.4
53180.5
53202.3
53602.1
54157.6
54238.211
54238.6
54368.211
54368.6
54555.211
54555.6
54601.211
54601.6
54679.211
54679.6
54875.211
54875.6
55267.6
55268.212
55305.2
55305.4
55319.5
55329.4
55505.2
55545.5
55607.4
55611.5
55905.3
56305.1
57117.6
57387.211
57387.6
57468.211
57468.6
57553.211
57553.6
57684.211
57684.6
57943.211
57943.6
58031.211
58031.6
58038.211
58038.6
58394.6
58395.212
58437.2
58437.4
58454.5
58455.4
58457.5
58464.4
58637.2
58675.5
58778.4
58782.5
59037.3
59437.1
60749.6
61149.6
61150.212
61195.2
61195.4
61210.5
61216.4
61395.2
61430.5
61511.4
61515.5
61543.4
61548.5
61577.4
61579.5
61795.3
62101.6
62195.1
62999.6
63128.211
63128.6
63307.211
63307.6
63564.211
63564.6
63705.211
63705.6
63763.211
63763.6
63885.211
63885.6
64065.4
64066.5
64190.6
64191.212
64236.2
64236.4
64245.5
64251.4
64436.2
64475.5
64557.4
64558.5
64666.4
64777.5
64836.3
65236.1
65503.6
65553.211
65553.6
65854.6
65855.212
65861.6
65895.2
65895.4
65910.5
65920.4
66095.2
66129.5
66403.4
66488.5
66495.3
66895.1
67290.6
67338.211
67338.6
67383.211
67383.6
67647.211
67647.6
67703.211
67703.6
67777.211
67777.6
67860.211
67860.6
68098.211
68098.6
68310.211
68310.6
68460.211
68460.6
68742.211
68742.6
68838.211
68838.6
68888.211
68888.6
69028.211
69028.6
69276.211
69276.6
69333.211
69333.6
69792.6
69793.212
69804.6
69836.2
69836.4
69848.5
69849.4
69851.5
69854.4
69856.5
69857.4
70036.2
70072.5
70175.4
70180.5
70436.3
70836.1
71405.6
71641.211
71641.6
71696.211
71696.6
71903.211
71903.6
72249.6
72250.212
72281.2
72281.4
72298.5
72303.4
72481.2
72515.5
72516.4
72523.5
72593.4
72596.5
72687.4
72793.5
72881.3
73281.1
73560.6
73656.211
73656.6
73695.211
73695.6
74423.6
74424.212
74529.2
74529.4
74729.2
74763.5
74812.4
74814.5
74834.4
74836.5
74866.4
74870.5
74894.4
75048.5
75129.3
75529.1
75566.6
75971.6
75972.212
76013.2
76013.4
76028.5
76037.4
76213.2
76247.5
76613.3
77013.1
77109.6
77178.211
77178.6
77418.211
77418.6
77494.211
77494.6
77717.211
77717.6
78735.4
78759.5
78825.6
78826.212
78876.2
78876.4
79076.2
79106.5
79140.4
79141.5
79208.4
79210.5
79240.4
79241.5
79252.4
79256.5
79283.4
79288.5
79318.4
79323.5
79324.4
79447.5
79476.3
79876.1
80268.6
80306.4
80321.5
80322.4
80334.5
80335.4
80337.5
80340.4
80429.5
80501.211
80501.6
80589.211
80589.6
80876.211
80876.6
80959.211
80959.6
81028.211
81028.6
81065.211
81065.6
81352.211
81352.6
81511.211
81511.6
81735.211
81735.6
81751.211
81751.6
81820.211
81820.6
81963.211
81963.6
82084.4
82097.5
82169.211
82169.6
82214.4
82216.5
82287.211
82287.6
82536.211
82536.6
82591.211
82591.6
82672.211
82672.6
82698.4
82709.5
82728.4
82731.5
82807.211
82807.6
82898.211
82898.6
83127.211
83127.6
83263.211
83263.6
83559.211
83559.6
83779.211
83779.6
84042.211
84042.6
84289.211
84289.6
84563.211
84563.6
84575.211
84575.6
84840.211
84840.6
84926.211
84926.6
84980.211
84980.6
85037.211
85037.6
85140.211
85140.6
85511.4
85513.5
85670.6
85671.212
85697.2
85697.4
85724.5
85727.4
85897.2
85935.5
85936.4
85942.5
86174.4
86265.5
86297.3
86697.1
86804.6
86941.211
86941.6
87129.211
87129.6
87236.211
87236.6
87425.211
87425.6
87550.211
87550.6
87747.211
87747.6
88015.211
88015.6
88098.211
88098.6
88160.211
88160.6
88464.4
88504.5
88506.4
88507.5
88583.6
88584.212
88622.2
88622.4
88634.5
88635.4
88822.2
88862.5
89001.4
89004.5
89222.3
89622.1
89708.6
90082.6
90083.212
90134.2
90134.4
90145.5
90151.4
90166.5
90172.4
90334.2
90365.5
90426.4
90430.5
90461.4
90463.5
90590.4
90613.5
90734.3
91134.1
91205.6
91527.6
91528.212
91595.2
91595.4
91613.5
91615.4
91795.2
91822.5
92048.4
92055.5
92195.3
92595.1
92812.6
92868.4
92882.5
92890.4
92901.5
92907.4
92924.5
92994.211
92994.6
93258.211
93258.6
93457.211
93457.6
93506.211
93506.6
93560.211
93560.6
93814.211
93814.6
93820.211
93820.6
93991.211
93991.6
94214.211
94214.6
94314.211
94314.6
94373.211
94373.6
94889.6
94890.212
94946.2
94946.4
95146.2
95177.5
95449.4
95453.5
95459.4
95464.5
95482.4
95546.3
95549.5
95634.6
95791.4
95877.5
95881.4
95882.5
95946.1
96046.6
96136.211
96136.6
96356.211
96356.6
96586.211
96586.6
96759.211
96759.6
96782.211
96782.6
96822.4
96841.5
96843.4
96859.5
96860.4
96875.5
96884.4
96886.5
96887.4
96942.5
96947.4
96980.5
97034.211
97034.6
97092.211
97092.6
97331.211
97331.6
97412.211
97412.6
97668.211
97668.6
97733.211
97733.6
97787.211
97787.6
97797.211
97797.6
97999.211
97999.6
98510.6
98511.212
98561.2
98561.4
98572.5
98573.4
98575.5
98582.4
98761.2
98797.5
98936.4
98938.5
99161.3
99561.1
100250.6
100368.211
100368.6
100727.6
100728.212
100773.2
100773.4
100789.5
100799.4
100973.2
101011.5
101138.4
101141.5
101373.3
101773.1
102287.6
102401.211
102401.6
102774.6
102775.212
102810.2
102810.4
102824.5
102827.4
102840.5
102845.4
103010.2
103051.5
103154.4
103159.5
103210.4
103213.5
103410.3
103663.8
103712.4
103769.5
103810.1
104448.6
104731.211
104731.6
104768.211
104768.6
105043.211
105043.6
105106.211
105106.6
105246.211
105246.6
105550.6
105551.212
105590.2
105590.4
105602.5
105610.4
105790.2
105826.5
105907.4
105908.5
105961.4
105963.5
106066.4
106085.5
106190.3
106590.1
107136.6
107211.211
107211.6
107241.211
107241.6
108037.6
108038.212
108115.2
108115.4
108125.5
108134.4
108315.2
108354.5
108384.4
108386.5
108715.3
109115.1
109574.6
111075.6
111076.212
111121.2
111121.4
111139.5
111150.4
111321.2
111359.5
111721.3
112121.1
113102.6
114172.6
114173.212
114220.2
114220.4
114238.5
114239.4
114241.5
114247.4
114420.2
114460.5
114574.4
114576.5
114820.3
115220.1
115585.6
115751.211
115751.6
116349.6
116350.212
116400.2
116400.4
116416.5
116419.4
116420.5
116423.4
116600.2
116634.5
116635.4
116638.5
117000.3
117400.1
117877.6
117915.4
117924.5
117934.4
117941.5
117944.4
117959.5
117961.4
117962.5
117977.4
117982.5
118037.211
118037.6
118084.211
118084.6
118199.211
118199.6
118331.211
118331.6
118370.211
118370.6
118640.211
118640.6
118722.211
118722.6
118785.211
118785.6
119041.211
119041.6
120542.6
120543.212
120600.2
120600.4
120608.5
120614.4
120800.2
120825.5
120864.4
120866.5
121059.4
121068.5
121112.4
121144.5
121161.4
121200.3
121362.5
121600.1
121728.6
121830.211
121830.6
121893.211
121893.6
122053.211
122053.6
122150.211
122150.6
122162.211
122162.6
122333.211
122333.6
122550.211
122550.6
122825.211
122825.6
122929.211
122929.6
123126.211
123126.6
123429.6
123430.212
123460.2
123460.4
123478.5
123487.4
123660.2
123696.5
124056.4
124060.3
124065.5
124460.1
124604.6
124701.211
124701.6
124893.4
124963.5
125034.6
125035.212
125079.2
125079.4
125279.2
125318.5
125632.4
125640.5
125656.4
125660.5
125679.3
125832.4
125838.5
126079.1
126287.6
126314.211
126314.6
126464.211
126464.6
126681.211
126681.6
126702.211
126702.6
126762.211
126762.6
127062.211
127062.6
127112.211
127112.6
127185.211
127185.6
127198.211
127198.6
127211.211
127211.6
127419.211
127419.6
127428.211
127428.6
127564.211
127564.6
127574.211
127574.6
127594.211
127594.6
127664.211
127664.6
127861.211
127861.6
127911.211
127911.6
128032.211
128032.6
128375.6
128376.212
128416.2
128416.4
128434.5
128443.4
128616.2
128653.5
129016.3
129416.1
129969.6
130031.211
130031.6
130092.211
130092.6
130408.6
130409.212
130451.2
130451.4
130469.5
130471.4
130479.5
130484.4
130651.2
130693.5
130747.4
130749.5
131051.3
131451.1
132152.6
132234.211
132234.6
132299.211
132299.6
132544.211
132544.6
132587.211
132587.6
132634.211
132634.6
132708.211
132708.6
133063.6
133064.212
133101.2
133101.4
133113.5
133116.4
133117.5
133122.4
133301.2
133339.5
133343.4
133345.5
133701.3
134101.1
134378.6
134558.211
134558.6
134672.211
134672.6
134932.211
134932.6
135122.211
135122.6
135286.211
135286.6
135549.211
135549.6
135598.211
135598.6
135720.211
135720.6
135958.211
135958.6
135991.211
135991.6
136049.4
136062.5
136067.4
136109.5
136117.4
136130.5
136151.4
136156.5
136205.211
136205.6
136253.211
136253.6
136261.211
136261.6
136359.211
136359.6
136567.211
136567.6
136615.211
136615.6
136703.211
136703.6
136831.211
136831.6
136927.211
136927.6
137192.211
137192.6
137349.211
137349.6
137545.211
137545.6
137598.211
137598.6
137638.211
137638.6
137915.211
137915.6
138008.211
138008.6
138092.211
138092.6
138211.211
138211.6
138375.211
138375.6
138467.211
138467.6
138588.211
138588.6
138928.6
138929.212
138966.2
138966.4
138986.5
138987.4
139166.2
139208.5
139566.3
139966.1
140282.6
140372.211
140372.6
140717.6
140718.212
140758.2
140758.4
140769.5
140781.4
140958.2
140994.5
141032.4
141036.5
141358.3
141758.1
142331.6
142352.211
142352.6
142627.211
142627.6
142702.211
142702.6
142728.211
142728.6
142795.211
142795.6
142949.211
142949.6
143131.211
143131.6
143204.211
143204.6
143374.211
143374.6
143601.211
143601.6
143683.211
143683.6
143967.211
143967.6
144250.211
144250.6
144304.211
144304.6
144485.211
144485.6
144660.211
144660.6
144804.211
144804.6
145041.211
145041.6
145085.211
145085.6
145438.6
145439.212
145484.2
145484.4
145502.5
145506.4
145684.2
145724.5
146084.3
146091.4
146105.5
146484.1
146685.6
146727.211
146727.6
146972.211
146972.6
147286.6
147287.212
147328.2
147328.4
147347.5
147348.4
147354.5
147358.4
147528.2
147568.5
147928.3
148328.1
148580.6
148896.6
148897.212
148946.2
148946.4
148962.5
148963.4
149146.2
149178.5
149546.3
149946.1
150340.6
150413.211
150413.6
150724.6
150725.212
150762.2
150762.4
150778.5
150787.4
150962.2
151003.5
151362.3
151762.1
152356.6
152752.6
152753.212
152809.2
152809.4
152829.5
152831.4
153009.2
153040.5
153316.4
153409.3
153537.5
153704.6
153809.1
154026.4
154094.5
154160.6
154253.211
154253.6
154296.211
154296.6
154315.211
154315.6
154471.211
154471.6
154523.211
154523.6
154805.211
154805.6
154886.211
154886.6
155119.211
155119.6
155127.211
155127.6
155417.211
155417.6
155497.211
155497.6
155778.211
155778.6
155887.211
155887.6
155929.211
155929.6
156035.211
156035.6
156117.211
156117.6
156382.211
156382.6
156610.211
156610.6
156865.211
156865.6
157082.211
157082.6
157408.6
157409.212
157454.2
157454.4
157468.5
157470.4
157654.2
157692.5
157807.4
157809.5
158054.3
158454.1
159263.6
159307.4
159309.5
159374.211
159374.6
159393.211
159393.6
159665.211
159665.6
159750.211
159750.6
160134.6
160135.212
160179.2
160179.4
160379.2
160387.5
160426.4
160428.5
160720.4
160779.3
160802.5
161179.1
161495.6
161586.211
161586.6
161822.211
161822.6
162130.6
162131.212
162171.2
162171.4
162371.2
162409.5
162771.3
162798.4
162802.5
163171.1
164086.6
164485.6
164486.212
164534.2
164534.4
164557.5
164561.4
164734.2
164768.5
164770.4
164775.5
165134.3
165534.1
166254.6
166550.211
166550.6
166566.211
166566.6
166652.211
166652.6
166759.211
166759.6
166992.211
166992.6
167273.211
167273.6
167614.6
167615.212
167657.2
167657.4
167664.5
167667.4
167669.5
167671.4
167674.5
167684.4
167857.2
167894.5
168257.3
168657.1
168949.6
169629.6
169630.212
169669.2
169669.4
169869.2
169911.5
169996.4
169998.5
170269.3
170669.1
170757.6
171264.6
171265.212
171311.2
171311.4
171328.5
171334.4
171511.2
171546.5
171911.3
172311.1
172523.6
172616.211
172616.6
172873.211
172873.6
173150.211
173150.6
173644.6
173645.212
173684.2
173684.4
173699.5
173707.4
173884.2
173918.5
173920.4
173924.5
174284.3
174684.1
175013.6
175409.6
175410.212
175453.2
175453.4
175483.5
175484.4
175486.5
175495.4
175653.2
175690.5
176053.3
176453.1
176602.6
176851.211
176851.6
177317.6
177318.212
177357.2
177357.4
177385.5
177392.4
177557.2
177590.5
177957.3
178357.1
178965.6
179141.211
179141.6
179289.211
179289.6
179397.211
179397.6
179600.211
179600.6
179725.211
180000.9
123456789
