4
07
17
4
07
17
0
0
0
5
14
25
00
14
58
00
6
2
1782
0
0
0
314159265
59
428
439
180000
314159265
0.1
268.8
348.4
413.5
653.4
658.5
706.8
762.2
762.4
962.3
995.5
998.4
1179.5
1762.1
2179.8
2228.211
2228.8
2271.211
2271.8
2522.211
2522.8
2589.211
2589.8
2927.8
3070.8
3093.8
3097.8
3123.8
3242.2
3242.4
3442.3
3469.5
3472.4
3481.5
3484.4
3493.5
3510.4
3618.5
4242.1
4836.8
4842.211
4842.8
5491.8
5544.2
5544.4
5744.3
5779.5
5783.4
5791.5
5797.4
5805.5
5807.4
5919.5
6544.1
6556.8
6662.211
6662.8
6736.211
6736.8
6785.211
6785.8
6952.211
6952.8
7077.211
7077.8
7214.211
7214.8
7232.211
7232.8
7239.211
7239.8
7371.211
7371.8
7510.211
7510.8
7769.211
7769.8
8892.8
8943.2
8943.4
9143.3
9165.5
9167.4
9200.5
9209.4
9356.5
9443.4
9452.5
9943.1
10233.8
10506.211
10506.8
10561.211
10561.8
10763.4
10823.5
10889.8
10940.2
10940.4
11140.3
11164.5
11166.4
11199.5
11205.4
11307.5
11940.1
12125.8
12144.211
12144.8
12170.211
12170.8
12263.211
12263.8
12267.211
12267.8
12394.211
12394.8
12434.211
12434.8
12734.211
12734.8
12803.211
12803.8
12817.211
12817.8
12848.211
12848.8
12956.211
12956.8
13242.211
13242.8
13255.211
13255.8
13259.211
13259.8
13355.211
13355.8
14211.8
14218.8
14295.2
14295.4
14495.3
14501.5
14502.4
14510.5
14521.4
14522.5
14527.4
14633.5
15295.1
15457.8
15479.211
15479.8
15772.211
15772.8
15796.211
15796.8
16001.211
16001.8
16133.211
16133.8
16195.211
16195.8
20267.4
20291.5
20418.8
20427.8
20487.2
20487.4
20687.3
20705.5
20712.4
20713.5
20716.4
20719.5
20722.4
20733.5
20736.4
20743.5
20751.4
20844.5
21346.8
21487.1
22093.8
22428.8
22433.8
22451.8
22504.2
22504.4
22704.3
22741.5
22745.4
22850.5
23504.1
24130.8
24206.211
24206.8
24354.211
24354.8
24372.211
24372.8
24378.211
24378.8
24385.211
24385.8
24638.211
24638.8
24649.211
24649.8
24723.211
24723.8
24728.211
24728.8
24763.211
24763.8
24858.4
24972.5
24976.4
25014.5
25152.8
25158.8
25206.2
25206.4
25406.3
25423.5
25429.4
25435.5
25445.4
25448.5
25455.4
25475.5
25477.4
25485.5
25495.4
25599.5
26206.1
26677.8
26794.211
26794.8
26797.211
26797.8
26827.211
26827.8
26922.211
26922.8
26959.211
26959.8
27127.211
27127.8
27150.211
27150.8
27172.211
27172.8
27321.211
27321.8
27382.211
27382.8
27458.211
27458.8
27620.211
27620.8
27717.211
27717.8
27892.211
27892.8
28597.8
28648.2
28648.4
28848.3
28871.5
28873.4
28882.5
28886.4
28893.5
28900.4
28901.5
28904.4
28906.5
28910.4
28920.5
28922.4
28930.5
28936.4
28966.5
28974.4
28990.5
29015.4
29088.5
29648.1
29686.8
29778.211
29778.8
30318.8
30377.2
30377.4
30577.3
30610.5
30611.4
30620.5
30625.4
30627.5
30629.4
30631.5
30637.4
30645.5
30648.4
30657.5
30661.4
30670.5
30673.4
30767.5
31377.1
32263.8
32357.211
32357.8
32373.211
32373.8
32491.211
32491.8
32506.211
32506.8
33606.4
33652.5
33796.8
33841.2
33841.4
34041.3
34069.5
34072.4
34092.5
34097.4
34104.5
34110.4
34207.5
34841.1
34961.8
35666.8
35722.2
35722.4
35922.3
35952.5
35956.4
35966.5
35969.4
35977.5
35984.4
35985.5
35986.4
35989.5
35994.4
36003.5
36004.4
36014.5
36020.4
36027.5
36030.4
36114.5
36136.4
36183.5
36722.1
37684.8
37907.211
37907.8
38084.211
38084.8
38175.211
38175.8
38260.4
38298.5
38379.211
38379.8
38452.4
38558.5
38564.4
38619.5
38688.8
38740.2
38740.4
38940.3
38957.5
38961.4
38969.5
38973.4
39004.5
39012.4
39134.5
39740.1
39755.8
39796.211
39796.8
39891.211
39891.8
39971.211
39971.8
39991.211
39991.8
40129.211
40129.8
40207.211
40207.8
40225.211
40225.8
40424.211
40424.8
40434.211
40434.8
40457.211
40457.8
40637.211
40637.8
40701.211
40701.8
40892.211
40892.8
40917.211
40917.8
40923.211
40923.8
41120.211
41120.8
41268.211
41268.8
41284.211
41284.8
41288.211
41288.8
41483.4
41557.5
41616.8
41623.8
41678.2
41678.4
41878.3
41905.5
41908.4
41917.5
41922.4
41943.5
41946.4
41953.5
41960.4
42064.5
42678.1
43087.8
43091.211
43091.8
43130.211
43130.8
43163.211
43163.8
43235.211
43235.8
43394.211
43394.8
43523.211
43523.8
43592.211
43592.8
43838.211
43838.8
43966.211
43966.8
44029.211
44029.8
44096.211
44096.8
44106.211
44106.8
44200.211
44200.8
44204.211
44204.8
44275.211
44275.8
44452.211
44452.8
44617.211
44617.8
44682.211
44682.8
44735.211
44735.8
44974.211
44974.8
45663.8
45733.2
45733.4
45933.3
45968.5
45971.4
45979.5
45982.4
45992.5
45997.4
45998.5
46000.4
46003.5
46008.4
46114.5
46119.4
46122.5
46123.4
46365.5
46733.1
47933.8
48040.211
48040.8
48099.211
48099.8
48341.211
48341.8
48524.211
48524.8
48543.211
48543.8
48626.211
48626.8
49672.8
49725.2
49725.4
49925.3
49970.5
49972.4
49981.5
49984.4
49993.5
50002.4
50004.5
50011.4
50120.5
50725.1
52336.8
52430.211
52430.8
52881.8
52939.2
52939.4
53139.3
53158.5
53162.4
53169.5
53171.4
53181.5
53190.4
53192.5
53200.4
53308.5
53939.1
54200.8
54210.211
54210.8
54332.211
54332.8
54412.211
54412.8
54513.211
54513.8
54590.4
54653.5
54726.211
54726.8
54732.211
54732.8
54735.211
54735.8
54745.211
54745.8
54764.211
54764.8
54861.211
54861.8
55010.211
55010.8
55340.8
55403.2
55403.4
55603.3
55624.5
55630.4
55631.5
55633.4
55648.5
55668.4
55669.5
55671.4
55674.5
55679.4
55687.5
55689.4
55699.5
55703.4
55709.5
55721.4
55723.5
55727.4
55830.5
56079.4
56136.5
56138.4
56142.5
56166.4
56176.5
56403.1
56528.8
56538.211
56538.8
56576.211
56576.8
56640.211
56640.8
56778.211
56778.8
56794.211
56794.8
57443.8
57493.2
57493.4
57693.3
57724.5
57740.4
57748.5
57771.4
57773.5
57779.4
57786.5
57790.4
57810.5
57813.4
57822.5
57828.4
57931.5
58493.1
58691.8
58844.211
58844.8
58878.211
58878.8
58935.4
58992.5
59067.211
59067.8
59103.211
59103.8
59298.4
59355.5
59424.8
59481.2
59481.4
59681.3
59691.5
59708.4
59716.5
59721.4
59727.5
59737.4
59740.5
59744.4
59752.5
59756.4
59763.5
59772.4
59776.5
59781.4
59789.5
59791.4
59801.5
59802.4
59812.5
59816.4
59822.5
59832.4
59937.5
60481.1
60566.8
60921.8
60979.2
60979.4
61179.3
61196.5
61198.4
61207.5
61212.4
61219.5
61223.4
61231.5
61239.4
61241.5
61249.4
61255.5
61258.4
61268.5
61271.4
61279.5
61285.4
61291.5
61295.4
61304.5
61306.4
61315.5
61319.4
61396.5
61424.4
61436.5
61979.1
63511.8
63699.211
63699.8
63800.211
63800.8
64019.211
64019.8
64213.211
64213.8
64245.211
64245.8
64414.211
64414.8
67375.8
67435.2
67435.4
67635.3
67656.5
67660.4
67669.5
67673.4
67676.5
67677.4
67680.5
67686.4
67693.5
67695.4
67705.5
67707.4
67716.5
67723.4
67728.5
67735.4
67823.5
68435.1
68838.8
68841.211
68841.8
68881.211
68881.8
68964.211
68964.8
69062.211
69062.8
69276.211
69276.8
69320.211
69320.8
69964.8
70027.2
70027.4
70227.3
70243.5
70247.4
70254.5
70265.4
70266.5
70272.4
70280.5
70284.4
70291.5
70298.4
70300.5
70301.4
70304.5
70310.4
70317.5
70321.4
70329.5
70334.4
70340.5
70348.4
70440.5
71027.1
71477.8
71492.211
71492.8
71498.211
71498.8
71753.4
71801.5
72718.8
72724.8
72777.2
72777.4
72977.3
72999.5
73004.4
73010.5
73014.4
73022.5
73044.4
73047.5
73050.4
73058.5
73063.4
73069.5
73075.4
73083.5
73084.4
73096.5
73099.4
73106.5
73113.4
73186.5
73777.1
74306.8
74313.211
74313.8
74397.211
74397.8
75108.8
75165.2
75165.4
75365.3
75384.5
75386.4
75407.5
75411.4
75418.5
75428.4
75431.5
75434.4
75443.5
75448.4
75455.5
75461.4
75586.5
76165.1
76254.8
76292.211
76292.8
76368.211
76368.8
76376.211
76376.8
76490.211
76490.8
76596.211
76596.8
76763.211
76763.8
76816.4
76827.5
76895.211
76895.8
76898.211
76898.8
76925.211
76925.8
77117.211
77117.8
77715.8
77766.2
77766.4
77966.3
77987.5
77989.4
78000.5
78002.4
78011.5
78017.4
78018.5
78021.4
78024.5
78027.4
78047.5
78051.4
78059.5
78064.4
78094.5
78098.4
78175.5
78766.1
79481.8
79836.8
79886.2
79886.4
80086.3
80110.5
80116.4
80124.5
80129.4
80136.5
80138.4
80148.5
80152.4
80159.5
80165.4
80184.5
80187.4
80195.5
80202.4
80287.5
80886.1
81246.8
81475.211
81475.8
81477.211
81477.8
81689.211
81689.8
81739.211
81739.8
81955.211
81955.8
82068.211
82068.8
82095.211
82095.8
82164.211
82164.8
82461.211
82461.8
82500.211
82500.8
82588.211
82588.8
82656.211
82656.8
82920.211
82920.8
82933.211
82933.8
83050.211
83050.8
83102.211
83102.8
83120.211
83120.8
83376.211
83376.8
83683.8
83738.2
83738.4
83938.3
83968.5
83972.4
83979.5
83985.4
84004.5
84009.4
84016.5
84025.4
84030.5
84031.4
84139.5
84738.1
86474.8
86943.8
87003.2
87003.4
87203.3
87228.5
87231.4
87238.5
87249.4
87251.5
87257.4
87264.5
87274.4
87276.5
87283.4
87374.5
88003.1
88070.8
88104.211
88104.8
88284.211
88284.8
88425.211
88425.8
88657.211
88657.8
88670.211
88670.8
88774.211
88774.8
89891.8
89954.2
89954.4
90154.3
90192.5
90197.4
90203.5
90209.4
90217.5
90218.4
90230.5
90231.4
90240.5
90244.4
90265.5
90266.4
90276.5
90280.4
90288.5
90293.4
90384.5
90954.1
92744.8
92872.211
92872.8
93051.211
93051.8
93200.211
93200.8
93534.8
93603.2
93603.4
93803.3
93828.5
93834.4
93837.5
93838.4
93841.5
93844.4
93854.5
93859.4
93861.5
93863.4
93865.5
93870.4
93878.5
93884.4
93889.5
93896.4
93927.5
93931.4
94009.5
94017.4
94019.5
94051.4
94087.5
94603.1
97100.8
97120.211
97120.8
97126.211
97126.8
97261.211
97261.8
97372.211
97372.8
97609.211
97609.8
97614.211
97614.8
97737.211
97737.8
98008.211
98008.8
98176.4
98193.5
98419.8
98483.2
98483.4
98683.3
98703.5
98707.4
98715.5
98718.4
98727.5
98732.4
98740.5
98744.4
98764.5
98769.4
98776.5
98782.4
98885.5
99483.1
101195.8
101812.8
101872.2
101872.4
102072.3
102107.5
102112.4
102134.5
102136.4
102144.5
102150.4
102251.5
102872.1
103665.8
103674.211
103674.8
103725.211
103725.8
103819.211
103819.8
103886.211
103886.8
103891.211
103891.8
103900.211
103900.8
103961.211
103961.8
104070.211
104070.8
104090.211
104090.8
104129.211
104129.8
104404.211
104404.8
104418.211
104418.8
104438.211
104438.8
104500.211
104500.8
104614.211
104614.8
104649.211
104649.8
104704.211
104704.8
104809.211
104809.8
104918.211
104918.8
105150.211
105150.8
105307.211
105307.8
105627.8
105681.2
105681.4
105881.3
105895.5
105899.4
105901.5
105902.4
105905.5
105911.4
105913.5
105915.4
105917.5
105928.4
105930.5
105934.4
105944.5
105947.4
105954.5
105961.4
105991.5
105996.4
106079.5
106084.4
106090.5
106099.4
106161.5
106681.1
108945.8
109031.211
109031.8
109127.211
109127.8
109321.211
109321.8
109379.211
109379.8
109454.211
109454.8
109818.8
109876.2
109876.4
110076.3
110107.5
110111.4
110114.5
110115.4
110118.5
110122.4
110131.5
110140.4
110143.5
110150.4
110169.5
110172.4
110181.5
110185.4
110274.5
110876.1
111491.8
111598.211
111598.8
113687.8
113742.2
113742.4
113942.3
113982.5
113988.4
114007.5
114012.4
114014.5
114015.4
114019.5
114023.4
114131.5
114742.1
115493.8
115624.211
115624.8
115631.211
115631.8
115705.211
115705.8
116413.8
116467.2
116467.4
116667.3
116691.5
116694.4
116704.5
116706.4
116713.5
116723.4
116727.5
116730.4
116740.5
116744.4
116746.5
116759.4
116765.5
116769.4
116778.5
116783.4
116870.5
117467.1
117724.8
117797.211
117797.8
118560.8
118627.2
118627.4
118827.3
118838.5
118849.4
118850.5
118855.4
118864.5
118870.4
118875.5
118886.4
118890.5
118893.4
118902.5
118906.4
118913.5
118920.4
119029.5
119627.1
119821.8
119857.211
119857.8
120012.211
120012.8
120092.211
120092.8
120241.211
120241.8
120314.211
120314.8
120326.211
120326.8
120415.211
120415.8
120651.211
120651.8
120686.211
120686.8
120809.211
120809.8
121040.211
121040.8
121275.211
121275.8
121479.211
121479.8
122013.8
122062.2
122062.4
122262.3
122303.5
122306.4
122328.5
122333.4
122352.5
122355.4
122364.5
122370.4
122389.5
122391.4
122402.5
122405.4
122479.5
123062.1
123254.8
123675.8
123722.2
123722.4
123922.3
123944.5
123954.4
123957.5
123961.4
123969.5
123973.4
123982.5
123984.4
123993.5
123999.4
124006.5
124010.4
124019.5
124024.4
124030.5
124037.4
124055.5
124058.4
124066.5
124071.4
124092.5
124093.4
124193.5
124722.1
126753.8
126756.211
126756.8
126862.211
126862.8
126867.211
126867.8
126977.211
126977.8
127206.211
127206.8
127458.211
127458.8
127605.211
127605.8
127621.211
127621.8
127818.211
127818.8
128136.8
128142.8
128202.2
128202.4
128402.3
128426.5
128430.4
128437.5
128441.4
128449.5
128468.4
128486.5
128491.4
128498.5
128503.4
128523.5
128524.4
128534.5
128538.4
128609.5
129202.1
129416.8
129462.211
129462.8
129540.211
129540.8
129916.8
129990.2
129990.4
130190.3
130234.5
130236.4
130245.5
130250.4
130256.5
130264.4
130270.5
130275.4
130283.5
130285.4
130294.5
130298.4
130306.5
130311.4
130318.5
130320.4
130329.5
130334.4
130335.5
130359.4
130365.5
130371.4
130580.5
130990.1
131283.8
131313.211
131313.8
131345.211
131345.8
131364.211
131364.8
131672.8
131724.2
131724.4
131924.3
131955.5
131960.4
131962.5
131963.4
131967.5
131970.4
131979.5
131984.4
132015.5
132025.4
132169.5
132724.1
133040.8
133179.211
133179.8
133379.211
133379.8
133389.211
133389.8
133504.211
133504.8
133757.211
133757.8
133869.211
133869.8
133885.211
133885.8
134202.8
134261.2
134261.4
134461.3
134475.5
134481.4
134488.5
134490.4
134511.5
134516.4
134523.5
134528.4
134548.5
134551.4
134561.5
134562.4
134594.5
134601.4
134693.5
134695.4
134700.5
135261.1
135464.8
135544.211
135544.8
135661.211
135661.8
136133.8
136185.2
136185.4
136385.3
136418.5
136423.4
136430.5
136438.4
136441.5
136447.4
136454.5
136459.4
136464.5
136522.4
136815.5
136832.4
136842.5
137058.4
137129.5
137185.1
137267.8
137271.211
137271.8
137368.211
137368.8
137518.211
137518.8
137523.211
137523.8
137995.8
138052.2
138052.4
138252.3
138266.5
138268.4
138278.5
138281.4
138290.5
138295.4
138296.5
138298.4
138301.5
138307.4
138314.5
138317.4
138327.5
138332.4
138334.5
138335.4
138338.5
138344.4
138373.5
138378.4
138490.5
139052.1
140229.8
140235.211
140235.8
140250.211
140250.8
140390.211
140390.8
141186.8
141240.2
141240.4
141440.3
141471.5
141476.4
141482.5
141485.4
141494.5
141499.4
141505.5
141513.4
141531.5
141535.4
141621.5
141627.4
141637.5
142240.1
143381.8
143610.211
143610.8
143637.211
143637.8
143919.211
143919.8
144090.211
144090.8
144094.211
144094.8
144482.8
144533.2
144533.4
144733.3
144768.5
144771.4
144792.5
144800.4
144804.5
144809.4
144840.5
144844.4
144939.5
145533.1
146119.8
146158.211
146158.8
146182.211
146182.8
146424.211
146424.8
146536.211
146536.8
146867.8
146927.2
146927.4
147127.3
147172.5
147176.4
147184.5
147187.4
147197.5
147200.4
147209.5
147211.4
147233.5
147234.4
147245.5
147248.4
147251.5
147252.4
147334.5
147927.1
148632.8
148815.211
148815.8
149100.211
149100.8
149130.211
149130.8
149365.211
149365.8
149371.211
149371.8
149386.211
149386.8
149629.211
149629.8
150037.8
150093.2
150093.4
150293.3
150311.5
150314.4
150322.5
150331.4
150335.5
150339.4
150348.5
150352.4
150360.5
150365.4
150374.5
150375.4
150385.5
150390.4
150392.5
150393.4
150397.5
150400.4
150410.5
150413.4
150513.5
151093.1
152527.8
152649.211
152649.8
153659.8
153715.2
153715.4
153915.3
153936.5
153940.4
153948.5
153950.4
153960.5
153965.4
153967.5
153968.4
153970.5
153981.4
153984.5
153987.4
153996.5
153998.4
154101.5
154715.1
157172.8
157320.211
157320.8
157473.211
157473.8
157694.211
157694.8
157854.211
157854.8
158352.8
158401.2
158401.4
158601.3
158643.5
158646.4
158655.5
158656.4
158666.5
158671.4
158673.5
158674.4
158676.5
158684.4
158714.5
158718.4
158725.5
158729.4
158806.5
159401.1
159587.8
160055.8
160111.2
160111.4
160311.3
160336.5
160343.4
160346.5
160389.4
160396.5
160401.4
160504.5
161111.1
162324.4
162349.5
162373.4
162427.5
163741.4
163844.5
164757.8
164786.211
164786.8
165259.8
165316.2
165316.4
165516.3
165567.5
165974.4
166216.5
166316.1
166776.8
166820.211
166820.8
167392.4
167603.5
168887.8
168952.2
168952.4
169152.3
169205.5
169952.1
171959.8
172365.4
172379.5
172380.4
172388.5
172737.8
172787.2
172787.4
172987.3
173054.5
173787.1
175270.8
176011.8
176065.2
176065.4
176265.3
176301.5
176307.4
176314.5
176318.4
176350.5
176358.4
176433.5
177065.1
178121.8
178352.211
178352.8
179189.8
179238.2
179238.4
179438.3
179471.5
179479.4
179483.5
179488.4
179495.5
179500.4
179507.5
179512.4
180000.9
123456789
4
08
17
4
08
17
0
0
0
5
14
26
24
14
59
23
6
2
2250
0
0
0
314159265
56
457
598
180000
314159265
0.1
1116.8
1161.211
1161.8
3421.8
3422.212
3476.2
3476.4
3676.2
3904.5
3922.4
3925.5
3942.4
4027.5
4076.3
4876.1
5256.8
5387.211
5387.8
5430.211
5430.8
5759.8
5760.212
5807.2
5807.4
6007.2
6034.5
6037.4
6201.5
6407.3
6934.8
7030.8
7171.8
7207.1
7492.8
7577.211
7577.8
7991.8
7992.212
8044.2
8044.4
8244.2
8400.5
8403.4
8551.5
8644.3
8725.4
8768.5
9444.1
9545.8
9643.211
9643.8
9705.211
9705.8
10319.8
10320.212
10382.2
10382.4
10582.2
10586.5
10587.4
10718.5
10722.4
10836.5
10982.3
11782.1
11841.8
11932.211
11932.8
12003.211
12003.8
12090.211
12090.8
12470.8
12471.212
12515.2
12515.4
12715.2
12734.5
12736.4
12745.5
12750.4
12898.5
13115.3
13915.1
14041.8
14071.211
14071.8
14347.211
14347.8
14356.211
14356.8
14379.211
14379.8
14818.8
14819.212
14871.2
14871.4
15071.2
15097.5
15103.4
15104.5
15106.4
15123.5
15124.4
15134.5
15138.4
15303.5
15471.3
16271.1
17459.8
17498.211
17498.8
17534.211
17534.8
17566.211
17566.8
17699.211
17699.8
17794.211
17794.8
18590.8
18591.212
18637.2
18637.4
18837.2
18862.5
18867.4
18887.5
18892.4
18899.5
18901.4
19038.5
19041.4
19045.5
19237.3
19652.4
19681.5
19799.8
20037.1
20810.8
20931.211
20931.8
20948.211
20948.8
20974.211
20974.8
21034.211
21034.8
21397.8
21398.212
21455.2
21455.4
21655.2
21669.5
21675.4
21705.5
21710.4
21717.5
21721.4
21852.5
21883.4
21887.5
21888.4
21951.5
22055.3
22855.1
22867.4
22876.5
23025.8
23041.211
23041.8
23047.211
23047.8
23070.211
23070.8
23176.4
23182.5
23292.211
23292.8
23321.211
23321.8
23458.4
23495.5
23572.211
23572.8
23733.211
23733.8
23893.211
23893.8
24281.8
24282.212
24347.2
24347.4
24547.2
24563.5
24570.4
24572.5
24573.4
24590.5
24591.4
24599.5
24610.4
24612.5
24617.4
24648.5
24652.4
24798.5
24947.3
25179.8
25189.8
25747.1
26434.8
26646.211
26646.8
26760.211
26760.8
26912.211
26912.8
26967.4
27034.5
27117.211
27117.8
27146.211
27146.8
27151.211
27151.8
27379.211
27379.8
27431.211
27431.8
27449.211
27449.8
27452.211
27452.8
27518.211
27518.8
28177.8
28178.212
28229.2
28229.4
28429.2
28459.5
28463.4
28484.5
28485.4
28496.5
28497.4
28611.5
28805.4
28829.3
28855.5
29115.4
29126.5
29149.4
29164.5
29443.8
29629.1
29895.8
29898.211
29898.8
30069.211
30069.8
30760.8
30761.212
30830.2
30830.4
31030.2
31045.5
31050.4
31052.5
31053.4
31057.5
31059.4
31069.5
31073.4
31080.5
31087.4
31105.5
31108.4
31116.5
31121.4
31152.5
31155.4
31177.5
31180.4
31284.5
31430.3
32230.1
32831.4
32842.5
32982.8
33800.4
33804.5
34599.8
34600.212
34654.2
34654.4
34854.2
34891.5
34897.4
34915.5
34921.4
34923.5
34924.4
34927.5
34933.4
34953.5
34957.4
34978.5
34979.4
35108.5
35254.3
36054.1
36476.8
36484.211
36484.8
36510.211
36510.8
36578.211
36578.8
36742.211
36742.8
36954.211
36954.8
36969.211
36969.8
37066.211
37066.8
38051.8
38052.212
38098.2
38098.4
38298.2
38329.5
38334.4
38353.5
38358.4
38366.5
38368.4
38391.5
38392.4
38401.5
38406.4
38508.5
38698.3
39498.1
39944.8
39955.211
39955.8
39974.211
39974.8
40112.211
40112.8
40194.211
40194.8
40387.211
40387.8
40604.211
40604.8
40891.211
40891.8
40896.211
40896.8
40956.211
40956.8
41019.211
41019.8
41259.211
41259.8
41882.8
41883.212
41887.8
41942.2
41942.4
42142.2
42159.5
42164.4
42172.5
42176.4
42183.5
42202.4
42209.5
42212.4
42221.5
42224.4
42232.5
42237.4
42245.5
42247.4
42257.5
42261.4
42264.5
42265.4
42267.5
42271.4
42397.5
42542.3
42869.4
42880.5
43028.8
43342.1
43429.8
43774.8
43775.212
43832.2
43832.4
44032.2
44064.5
44069.4
44075.5
44093.4
44100.5
44105.4
44112.5
44118.4
44124.5
44131.4
44138.5
44139.4
44149.5
44152.4
44161.5
44164.4
44294.5
44432.3
44729.8
44787.8
45232.1
45363.8
45381.211
45381.8
45464.211
45464.8
45468.211
45468.8
45472.211
45472.8
45481.211
45481.8
45589.211
45589.8
46008.8
46009.212
46059.2
46059.4
46259.2
46271.5
46277.4
46278.5
46279.4
46281.5
46292.4
46294.5
46300.4
46302.5
46303.4
46307.5
46311.4
46319.5
46329.4
46330.5
46337.4
46344.5
46347.4
46357.5
46359.4
46367.5
46377.4
46379.5
46384.4
46403.5
46407.4
46415.5
46420.4
46451.5
46455.4
46566.5
46659.3
46838.4
46865.5
47051.8
47054.8
47396.8
47459.1
47477.8
47627.211
47627.8
47666.211
47666.8
47808.211
47808.8
48044.211
48044.8
48062.211
48062.8
48090.211
48090.8
48687.8
48688.212
48750.2
48750.4
48950.2
48975.5
48979.4
48988.5
48989.4
48998.5
49007.4
49009.5
49014.4
49035.5
49037.4
49045.5
49052.4
49053.5
49054.4
49082.5
49084.4
49218.5
49235.4
49241.5
49350.3
49908.8
50150.1
50641.8
50665.211
50665.8
50698.211
50698.8
50950.211
50950.8
50988.211
50988.8
51152.211
51152.8
51250.211
51250.8
51557.8
51558.212
51609.2
51609.4
51809.2
51821.5
51827.4
51846.5
51850.4
51857.5
51868.4
51871.5
51874.4
51882.5
51887.4
51893.5
51900.4
51930.5
51932.4
51940.5
51946.4
51947.5
51948.4
51952.5
51957.4
52083.5
52209.3
52592.8
52638.8
52666.8
52706.8
52741.8
53009.1
53287.8
53298.211
53298.8
53317.211
53317.8
53574.211
53574.8
53615.211
53615.8
53679.211
53679.8
53840.211
53840.8
53941.211
53941.8
54174.211
54174.8
54225.211
54225.8
54324.211
54324.8
54356.211
54356.8
54703.8
54704.212
54760.2
54760.4
54960.2
54972.5
54980.4
55000.5
55006.4
55012.5
55019.4
55021.5
55022.4
55026.5
55028.4
55038.5
55041.4
55050.5
55055.4
55085.5
55090.4
55209.5
55360.3
56160.1
68768.8
69437.8
69438.212
69498.2
69498.4
69698.2
69743.5
69749.4
69756.5
69760.4
69769.5
69773.4
69775.5
69777.4
69779.5
69785.4
69796.5
69797.4
69901.5
70098.3
70898.1
71032.8
71088.211
71088.8
71207.211
71207.8
71315.211
71315.8
71432.211
71432.8
71442.211
71442.8
71707.211
71707.8
71742.211
71742.8
71840.211
71840.8
71953.211
71953.8
72019.211
72019.8
72118.211
72118.8
72146.211
72146.8
72630.8
72631.212
72682.2
72682.4
72684.5
72686.4
72882.2
72908.5
72911.4
72919.5
72928.4
72931.5
72936.4
72956.5
72961.4
72963.5
72965.4
72966.5
72974.4
72981.5
72982.4
72992.5
72995.4
73004.5
73010.4
73012.5
73013.4
73016.5
73022.4
73042.5
73044.4
73053.5
73058.4
73163.5
73282.3
74020.8
74027.8
74036.8
74082.1
74113.8
74142.211
74142.8
74268.211
74268.8
75317.8
75318.212
75363.2
75363.4
75563.2
75589.5
75594.4
75601.5
75607.4
75614.5
75617.4
75626.5
75630.4
75638.5
75644.4
75646.5
75647.4
75663.5
75665.4
75674.5
75677.4
75686.5
75689.4
75697.5
75704.4
75734.5
75741.4
75747.5
75749.4
75867.5
75963.3
76155.4
76178.5
76338.8
76763.1
76863.8
77774.8
77775.212
77825.2
77825.4
78025.2
78055.5
78058.4
78066.5
78069.4
78078.5
78087.4
78089.5
78096.4
78103.5
78107.4
78127.5
78128.4
78137.5
78143.4
78151.5
78153.4
78185.5
78188.4
78197.5
78201.4
78316.5
78425.3
79225.1
79299.8
79463.211
79463.8
79475.211
79475.8
79481.211
79481.8
79609.211
79609.8
79907.211
79907.8
79959.211
79959.8
80024.211
80024.8
80157.211
80157.8
80237.211
80237.8
80446.211
80446.8
80492.211
80492.8
80495.211
80495.8
80666.211
80666.8
80846.211
80846.8
80933.211
80933.8
81010.211
81010.8
81121.211
81121.8
81142.211
81142.8
81174.211
81174.8
81275.211
81275.8
81838.8
81839.212
81889.2
81889.4
82089.2
82122.5
82125.4
82133.5
82143.4
82145.5
82151.4
82158.5
82162.4
82170.5
82174.4
82183.5
82186.4
82194.5
82199.4
82218.5
82221.4
82230.5
82234.4
82263.5
82270.4
82381.5
82489.3
82507.4
82551.5
82599.4
82604.5
83278.8
83289.1
83300.8
83350.211
83350.8
83443.211
83443.8
83458.211
83458.8
83561.211
83561.8
84109.8
84110.212
84163.2
84163.4
84363.2
84383.5
84385.4
84392.5
84399.4
84405.5
84411.4
84417.5
84428.4
84429.5
84434.4
84442.5
84446.4
84452.5
84460.4
84466.5
84469.4
84477.5
84482.4
84484.5
84500.4
84502.5
84505.4
84514.5
84516.4
84526.5
84529.4
84537.5
84548.4
84549.5
84555.4
84587.5
84589.4
84704.5
84763.3
85563.1
86599.8
86635.211
86635.8
86724.211
86724.8
86896.211
86896.8
87087.211
87087.8
87090.211
87090.8
87800.8
87801.212
87851.2
87851.4
88051.2
88079.5
88089.4
88091.5
88096.4
88103.5
88113.4
88114.5
88124.4
88128.5
88131.4
88139.5
88144.4
88163.5
88167.4
88174.5
88180.4
88199.5
88201.4
88210.5
88216.4
88217.5
88219.4
88223.5
88227.4
88235.5
88239.4
88326.5
88451.3
89251.1
89285.4
89297.5
90343.8
90492.211
90492.8
90608.211
90608.8
90691.211
90691.8
90826.4
90877.5
90992.8
90993.212
91050.2
91050.4
91250.2
91259.5
91260.4
91267.5
91273.4
91281.5
91285.4
91291.5
91301.4
91305.5
91307.4
91316.5
91320.4
91327.5
91337.4
91339.5
91344.4
91352.5
91356.4
91364.5
91370.4
91377.5
91378.4
91387.5
91397.4
91399.5
91403.4
91488.5
91650.3
92278.8
92450.1
93163.8
93302.211
93302.8
93323.211
93323.8
93365.211
93365.8
93530.211
93530.8
93590.211
93590.8
93672.211
93672.8
94229.8
94230.212
94278.2
94278.4
94478.2
94516.5
94522.4
94523.5
94525.4
94528.5
94533.4
94540.5
94546.4
94551.5
94557.4
94564.5
94566.4
94575.5
94649.4
94852.5
94878.3
94901.4
94971.5
94973.4
94994.5
95015.4
95030.5
95199.4
95248.5
95272.4
95280.5
95337.4
95353.5
95359.4
95393.5
95395.4
95420.5
95439.4
95546.5
95678.1
95778.8
95859.211
95859.8
96812.8
96813.212
96868.2
96868.4
97068.2
97077.5
97106.4
97112.5
97118.4
97124.5
97134.4
97136.5
97140.4
97148.5
97168.4
97174.5
97175.4
97185.5
97189.4
97196.5
97203.4
97221.5
97226.4
97232.5
97240.4
97269.5
97275.4
97277.5
97279.4
97282.5
97287.4
97385.5
97468.3
98268.1
99014.8
99049.211
99049.8
99056.211
99056.8
99525.8
99526.212
99577.2
99577.4
99777.2
99791.5
99798.4
99800.5
99801.4
99816.5
99821.4
99823.5
99824.4
99827.5
99833.4
99853.5
99855.4
99863.5
99868.4
99887.5
99892.4
99899.5
99903.4
99924.5
99928.4
99959.5
99961.4
99971.5
99976.4
99984.5
99987.4
100087.5
100177.3
100977.1
101617.8
102672.8
102673.212
102726.2
102726.4
102926.2
102951.5
102956.4
102958.5
102960.4
102963.5
102968.4
102975.5
102979.4
102988.5
102992.4
103000.5
103001.4
103011.5
103014.4
103022.5
103028.4
103047.5
103048.4
103058.5
103062.4
103094.5
103097.4
103179.5
103326.3
103918.4
103938.5
103964.4
104027.5
104126.1
104205.8
104287.211
104287.8
104327.211
104327.8
104390.211
104390.8
104864.8
104865.212
104916.2
104916.4
105116.2
105137.5
105146.4
105148.5
105155.4
105161.5
105166.4
105173.5
105177.4
105186.5
105187.4
105196.5
105201.4
105202.5
105204.4
105206.5
105214.4
105231.5
105234.4
105243.5
105247.4
105266.5
105269.4
105277.5
105282.4
105312.5
105316.4
105324.5
105327.4
105362.5
105365.4
105369.5
105379.4
105511.5
105516.3
105656.4
105723.5
106316.1
106813.8
106827.211
106827.8
106887.211
106887.8
106977.211
106977.8
107070.211
107070.8
107092.211
107092.8
107366.211
107366.8
107403.211
107403.8
107476.211
107476.8
107482.211
107482.8
107628.211
107628.8
107645.211
107645.8
107664.211
107664.8
107671.211
107671.8
107801.211
107801.8
107916.211
107916.8
107961.211
107961.8
108404.8
108405.212
108451.2
108451.4
108651.2
108669.5
108674.4
108677.5
108678.4
108681.5
108685.4
108693.5
108697.4
108717.5
108720.4
108727.5
108733.4
108740.5
108742.4
108751.5
108756.4
108764.5
108767.4
108787.5
108791.4
108798.5
108802.4
108823.5
108825.4
108934.5
109051.3
109755.8
109851.1
109859.8
109978.211
109978.8
110059.211
110059.8
110163.211
110163.8
110276.211
110276.8
110303.211
110303.8
110336.211
110336.8
110399.211
110399.8
110701.8
110702.212
110750.2
110750.4
110950.2
110976.5
110981.4
110988.5
110992.4
111012.5
111017.4
111025.5
111026.4
111035.5
111039.4
111047.5
111051.4
111081.5
111084.4
111092.5
111095.4
111117.5
111120.4
111128.5
111130.4
111246.5
111265.4
111331.5
111350.3
111383.4
111408.5
112150.1
112319.8
112420.211
112420.8
113035.8
113036.212
113081.2
113081.4
113281.2
113296.5
113297.4
113305.5
113310.4
113317.5
113321.4
113329.5
113332.4
113341.5
113346.4
113353.5
113356.4
113364.5
113366.4
113377.5
113379.4
113387.5
113393.4
113418.5
113419.4
113422.5
113427.4
113468.5
113472.4
113566.5
113681.3
114481.1
114686.8
114718.211
114718.8
114832.211
114832.8
114839.211
114839.8
114876.211
114876.8
114969.211
114969.8
114991.211
114991.8
115014.211
115014.8
115017.211
115017.8
115122.211
115122.8
115254.211
115254.8
115288.211
115288.8
115429.211
115429.8
115431.211
115431.8
115447.211
115447.8
115451.211
115451.8
115556.211
115556.8
115575.211
115575.8
115724.211
115724.8
115905.211
115905.8
115914.211
115914.8
116097.211
116097.8
116144.211
116144.8
116149.211
116149.8
116190.211
116190.8
116349.211
116349.8
116676.8
116677.212
116720.2
116720.4
116920.2
116963.5
116967.4
116975.5
116977.4
116987.5
116992.4
116998.5
117002.4
117010.5
117016.4
117023.5
117026.4
117047.5
117049.4
117058.5
117063.4
117201.5
117320.3
118120.1
118897.8
119015.211
119015.8
119137.211
119137.8
119232.211
119232.8
119327.211
119327.8
119820.8
119821.212
119867.2
119867.4
120067.2
120102.5
120108.4
120115.5
120118.4
120127.5
120131.4
120139.5
120141.4
120162.5
120166.4
120174.5
120177.4
120198.5
120201.4
120232.5
120236.4
120242.5
120247.4
120289.5
120292.4
120399.5
120467.3
121267.1
121269.8
121361.211
121361.8
121777.8
121778.212
121838.2
121838.4
122038.2
122058.5
122061.4
122069.5
122073.4
122081.5
122089.4
122092.5
122097.4
122104.5
122109.4
122116.5
122120.4
122127.5
122136.4
122138.5
122145.4
122162.5
122166.4
122168.5
122169.4
122173.5
122178.4
122292.5
122438.3
123238.1
123802.8
123926.211
123926.8
124077.211
124077.8
124497.8
124498.212
124545.2
124545.4
124745.2
124776.5
124782.4
124789.5
124793.4
124802.5
124804.4
124815.5
124816.4
124825.5
124829.4
124849.5
124852.4
124859.5
124864.4
124883.5
124887.4
124918.5
124922.4
125021.5
125145.3
125945.1
126910.8
126936.211
126936.8
127178.211
127178.8
127419.211
127419.8
127427.211
127427.8
127674.211
127674.8
127781.211
127781.8
127790.211
127790.8
128039.211
128039.8
128113.211
128113.8
128970.8
128971.212
129020.2
129020.4
129220.2
129240.5
129244.4
129250.5
129255.4
129263.5
129271.4
129274.5
129280.4
129287.5
129290.4
129298.5
129306.4
129308.5
129316.4
129333.5
129349.4
129356.5
129363.4
129367.5
129372.4
129402.5
129411.4
129415.5
129416.4
129492.5
129620.3
130267.8
130387.8
130418.8
130420.1
130438.8
130626.211
130626.8
130757.211
130757.8
130773.211
130773.8
131002.211
131002.8
131543.8
131544.212
131597.2
131597.4
131797.2
131826.5
131829.4
131849.5
131853.4
131860.5
131865.4
131884.5
131886.4
131918.5
131922.4
131964.5
131967.4
131975.5
131981.4
132068.5
132197.3
132997.1
133028.8
133126.211
133126.8
133170.211
133170.8
133697.8
133698.212
133750.2
133750.4
133950.2
133985.5
133989.4
133996.5
134000.4
134010.5
134011.4
134020.5
134025.4
134033.5
134035.4
134067.5
134072.4
134103.5
134106.4
134229.5
134271.4
134279.5
134286.4
134316.5
134325.4
134350.3
134406.5
135150.1
135161.8
135374.211
135374.8
135416.211
135416.8
135488.211
135488.8
135543.211
135543.8
135625.211
135625.8
135732.211
135732.8
135846.211
135846.8
135853.211
135853.8
135969.211
135969.8
136187.211
136187.8
136342.211
136342.8
137078.8
137079.212
137129.2
137129.4
137329.2
137357.5
137361.4
137369.5
137373.4
137382.5
137383.4
137394.5
137397.4
137405.5
137407.4
137416.5
137419.4
137428.5
137431.4
137439.5
137442.4
137463.5
137464.4
137472.5
137477.4
137496.5
137498.4
137507.5
137510.4
137519.5
137523.4
137602.5
137729.3
138529.1
138639.8
139073.8
139074.212
139124.2
139124.4
139324.2
139343.5
139353.4
139355.5
139359.4
139367.5
139373.4
139374.5
139375.4
139378.5
139384.4
139404.5
139405.4
139413.5
139418.4
139437.5
139442.4
139449.5
139452.4
139473.5
139476.4
139485.5
139487.4
139575.5
139724.3
140524.1
141512.8
141939.8
141940.212
141990.2
141990.4
142190.2
142209.5
142217.4
142220.5
142225.4
142232.5
142241.4
142244.5
142250.4
142257.5
142261.4
142268.5
142277.4
142280.5
142284.4
142292.5
142297.4
142303.5
142308.4
142316.5
142318.4
142328.5
142330.4
142350.5
142355.4
142357.5
142358.4
142362.5
142365.4
142450.5
142590.3
143390.1
143825.8
143887.211
143887.8
144221.8
144222.212
144288.2
144288.4
144488.2
144493.5
144526.4
144531.5
144536.4
144543.5
144548.4
144556.5
144559.4
144566.5
144572.4
144573.5
144575.4
144577.5
144583.4
144602.5
144605.4
144613.5
144618.4
144637.5
144639.4
144648.5
144652.4
144737.5
144888.3
145688.1
148404.8
148411.211
148411.8
148436.211
148436.8
148482.211
148482.8
148621.211
148621.8
148745.211
148745.8
148844.211
148844.8
148847.211
148847.8
148849.211
148849.8
148979.211
148979.8
149251.211
149251.8
149279.211
149279.8
149313.211
149313.8
149451.211
149451.8
149511.211
149511.8
149641.211
149641.8
149785.211
149785.8
149968.211
149968.8
149986.211
149986.8
150030.211
150030.8
150088.211
150088.8
150152.211
150152.8
150493.8
150494.212
150543.2
150543.4
150743.2
150775.5
150779.4
150786.5
150789.4
150798.5
150804.4
150805.5
150806.4
150809.5
150815.4
150834.5
150836.4
150845.5
150849.4
150869.5
150870.4
150880.5
150884.4
151010.5
151143.3
151943.1
152169.8
152213.211
152213.8
152218.211
152218.8
152677.8
152678.212
152747.2
152747.4
152947.2
152976.5
152978.4
152986.5
152991.4
153010.5
153014.4
153015.5
153026.4
153066.5
153069.4
153090.5
153093.4
153100.5
153105.4
153243.5
153347.3
154147.1
155627.8
155748.211
155748.8
155908.211
155908.8
156094.211
156094.8
156108.211
156108.8
156117.211
156117.8
156785.8
156786.212
156834.2
156834.4
157034.2
157066.5
157069.4
157078.5
157079.4
157089.5
157094.4
157112.5
157116.4
157123.5
157127.4
157147.5
157150.4
157171.5
157174.4
157195.5
157196.4
157321.5
157434.3
158234.1
158637.8
158641.211
158641.8
158687.211
158687.8
158690.211
158690.8
158859.211
158859.8
158946.211
158946.8
159078.211
159078.8
159111.211
159111.8
159204.211
159204.8
159257.211
159257.8
159281.211
159281.8
159510.211
159510.8
159576.211
159576.8
159728.211
159728.8
159730.211
159730.8
159828.211
159828.8
159860.211
159860.8
159863.211
159863.8
160225.8
160226.212
160274.2
160274.4
160474.2
160488.5
160493.4
160494.5
160508.4
160509.5
160515.4
160522.5
160528.4
160534.5
160540.4
160547.5
160549.4
160557.5
160561.4
160569.5
160574.4
160593.5
160597.4
160604.5
160608.4
160627.5
160631.4
160638.5
160643.4
160743.5
160874.3
161674.1
161856.8
161974.211
161974.8
162041.211
162041.8
162193.211
162193.8
162555.8
162556.212
162606.2
162606.4
162806.2
162831.5
162840.4
162855.5
162860.4
162861.5
162863.4
162866.5
162871.4
162879.5
162880.4
162902.5
162906.4
162913.5
162916.4
162937.5
162939.4
162969.5
162972.4
163073.5
163206.3
164006.1
164724.8
164728.211
164728.8
164969.211
164969.8
165597.8
165598.212
165653.2
165653.4
165853.2
165878.5
165883.4
165890.5
165893.4
165901.5
165907.4
165913.5
165917.4
165936.5
165943.4
165948.5
165949.4
165960.5
165963.4
165972.5
165974.4
165994.5
165999.4
166018.5
166020.4
166029.5
166033.4
166054.5
166055.4
166168.5
166253.3
167053.1
167250.8
167364.211
167364.8
167378.211
167378.8
167787.8
167788.212
167840.2
167840.4
168040.2
168060.5
168063.4
168082.5
168086.4
168092.5
168098.4
168117.5
168125.4
168126.5
168133.4
168174.5
168177.4
168336.5
168440.3
169240.1
169676.8
169773.211
169773.8
170067.211
170067.8
170211.211
170211.8
170348.211
170348.8
170605.211
170605.8
171061.8
171062.212
171119.2
171119.4
171319.2
171323.5
171338.4
171342.5
171353.4
171354.5
171360.4
171367.5
171373.4
171374.5
171375.4
171378.5
171383.4
171390.5
171396.4
171397.5
171398.4
171401.5
171407.4
171425.5
171429.4
171436.5
171442.4
171514.5
171719.3
172519.1
173502.8
173602.211
173602.8
173670.211
173670.8
174236.8
174237.212
174294.2
174294.4
174494.2
174501.5
174529.4
174534.5
174552.4
174559.5
174561.4
174571.5
174578.4
174580.5
174591.4
174606.5
174608.4
174618.5
174619.4
174629.5
174632.4
174639.5
174646.4
174651.5
174652.4
174695.5
174699.4
174783.5
174894.3
175694.1
175867.8
175870.211
175870.8
175912.211
175912.8
175949.211
175949.8
176021.211
176021.8
176053.211
176053.8
176171.211
176171.8
176360.211
176360.8
176370.211
176370.8
176412.211
176412.8
176510.211
176510.8
176808.211
176808.8
176811.211
176811.8
176968.211
176968.8
176993.211
176993.8
177089.211
177089.8
177148.211
177148.8
177299.211
177299.8
177645.8
177646.212
177698.2
177698.4
177898.2
177926.5
177930.4
177938.5
177943.4
177949.5
177955.4
177962.5
177963.4
177972.5
177976.4
177983.5
177988.4
178007.5
178009.4
178017.5
178023.4
178030.5
178031.4
178041.5
178045.4
178148.5
178152.4
178201.5
178298.3
179098.1
179341.8
179371.211
179371.8
179526.211
179526.8
179638.211
179638.8
179641.211
179641.8
179655.211
179655.8
179944.211
179944.8
179955.211
180000.9
123456789
4
09
17
4
09
17
0
0
0
5
14
30
38
15
03
39
6
2
2728
0
0
0
314159265
58
458
838
180000
314159265
0.1
110.8
223.211
223.8
328.211
328.8
470.211
470.8
488.211
488.8
502.211
502.8
808.8
809.212
858.2
858.4
1058.2
1092.5
1097.4
1105.5
1109.4
1118.5
1121.4
1256.5
1257.4
1262.5
1263.4
1268.5
1279.4
1291.5
1294.4
1370.5
1458.3
2258.1
2360.8
2387.211
2387.8
2460.211
2460.8
2466.211
2466.8
2601.211
2601.8
2603.211
2603.8
2841.211
2841.8
2919.211
2919.8
2953.211
2953.8
3052.211
3052.8
3096.211
3096.8
3212.211
3212.8
3605.8
3606.212
3652.2
3652.4
3852.2
3872.5
3877.4
3884.5
3889.4
3898.5
3899.4
3910.5
3915.4
3922.5
3925.4
3934.5
3938.4
3971.5
3974.4
4006.5
4012.4
4138.5
4154.4
4158.5
4252.3
4733.4
4747.5
4830.8
4897.8
5052.1
5217.8
5273.211
5273.8
5355.211
5355.8
5473.211
5473.8
5689.211
5689.8
5725.211
5725.8
5780.211
5780.8
5863.211
5863.8
5873.211
5873.8
6154.211
6154.8
6229.211
6229.8
6344.211
6344.8
6395.211
6395.8
6696.8
6697.212
6743.2
6743.4
6943.2
6977.5
6981.4
6991.5
6992.4
7002.5
7007.4
7016.5
7019.4
7041.5
7044.4
7054.5
7056.4
7180.5
7343.3
7854.8
8143.1
8384.8
8415.211
8415.8
9185.8
9186.212
9235.2
9235.4
9435.2
9453.5
9458.4
9460.5
9461.4
9464.5
9470.4
9477.5
9486.4
9489.5
9500.4
9502.5
9507.4
9514.5
9525.4
9526.5
9533.4
9552.5
9555.4
9587.5
9592.4
9682.5
9835.3
10095.8
10239.8
10442.8
10635.1
10692.8
10886.211
10886.8
11111.211
11111.8
11284.211
11284.8
11358.211
11358.8
11519.211
11519.8
11821.8
11822.212
11873.2
11873.4
12073.2
12096.5
12097.4
12107.5
12113.4
12119.5
12123.4
12132.5
12134.4
12144.5
12148.4
12155.5
12158.4
12167.5
12173.4
12174.5
12176.4
12180.5
12182.4
12287.5
12473.3
13273.1
13474.8
13604.211
13604.8
13751.211
13751.8
13909.211
13909.8
13962.211
13962.8
14078.211
14078.8
14357.211
14357.8
14462.211
14462.8
14583.211
14583.8
14635.211
14635.8
14896.211
14896.8
14904.211
14904.8
14923.211
14923.8
14927.211
14927.8
14942.211
14942.8
14998.211
14998.8
15058.211
15058.8
15323.211
15323.8
15500.211
15500.8
17047.8
17048.212
17112.2
17112.4
17312.2
17321.5
17348.4
17355.5
17360.4
17367.5
17390.4
17392.5
17398.4
17405.5
17409.4
17417.5
17426.4
17428.5
17436.4
17443.5
17444.4
17454.5
17457.4
17464.5
17470.4
17550.5
17712.3
18071.4
18078.5
18079.4
18107.5
18235.8
18507.8
18512.1
18535.8
18602.211
18602.8
18675.211
18675.8
18695.211
18695.8
18838.211
18838.8
18928.211
18928.8
19106.211
19106.8
19331.211
19331.8
19390.211
19390.8
19518.211
19518.8
19539.211
19539.8
19711.211
19711.8
19749.211
19749.8
19788.211
19788.8
19855.211
19855.8
20056.211
20056.8
20682.8
20683.212
20735.2
20735.4
20935.2
20963.5
20967.4
20987.5
20992.4
20999.5
21002.4
21011.5
21029.4
21047.5
21051.4
21060.5
21064.4
21150.5
21335.3
22135.1
22149.8
22166.211
22166.8
22173.211
22173.8
22276.211
22276.8
22289.211
22289.8
22293.211
22293.8
22302.211
22302.8
23276.8
23277.212
23344.2
23344.4
23544.2
23553.5
23555.4
23558.5
23598.4
23600.5
23611.4
23613.5
23617.4
23624.5
23635.4
23637.5
23644.4
23674.5
23679.4
23687.5
23690.4
23799.5
23944.3
24744.1
25420.8
25423.211
25423.8
25441.211
25441.8
25568.211
25568.8
25632.211
25632.8
25635.211
25635.8
25902.211
25902.8
25984.211
25984.8
26002.211
26002.8
26333.8
26334.212
26381.2
26381.4
26581.2
26616.5
26620.4
26628.5
26630.4
26640.5
26644.4
26653.5
26655.4
26665.5
26668.4
26677.5
26681.4
26712.5
26717.4
26812.5
26981.3
27781.1
27987.8
28062.211
28062.8
28133.211
28133.8
28969.8
28970.212
29021.2
29021.4
29221.2
29242.5
29253.4
29254.5
29261.4
29268.5
29272.4
29282.5
29284.4
29292.5
29298.4
29304.5
29309.4
29318.5
29320.4
29329.5
29333.4
29341.5
29345.4
29366.5
29368.4
29376.5
29385.4
29471.5
29621.3
30421.1
32301.8
32446.211
32446.8
34144.8
34145.212
34295.2
34295.4
34495.2
34515.5
34519.4
34520.5
34553.4
34560.5
34566.4
34572.5
34595.4
34599.5
34603.4
34612.5
34621.4
34623.5
34630.4
34715.5
34716.4
34720.5
34895.3
35695.1
35912.4
35924.5
35928.4
35967.5
35970.4
35979.5
35980.4
36009.5
36012.4
36019.5
36045.4
36063.5
36068.4
36101.5
36253.8
36320.211
36320.8
37322.8
37323.212
37377.2
37377.4
37577.2
37595.5
37597.4
37605.5
37614.4
37617.5
37622.4
37631.5
37635.4
37643.5
37649.4
37650.5
37651.4
37654.5
37660.4
37668.5
37670.4
37680.5
37684.4
37687.5
37688.4
37691.5
37697.4
37718.5
37719.4
37729.5
37734.4
37816.5
37977.3
38629.8
38777.1
39054.8
39269.211
39269.8
39287.211
39287.8
39421.211
39421.8
39435.211
39435.8
39809.8
39810.212
39864.2
39864.4
40064.2
40091.5
40096.4
40104.5
40107.4
40115.5
40124.4
40127.5
40134.4
40152.5
40155.4
40178.5
40179.4
40189.5
40192.4
40214.5
40216.4
40301.5
40464.3
40927.8
41205.8
41209.8
41217.8
41264.1
41287.8
41347.211
41347.8
41643.211
41643.8
41654.211
41654.8
41658.211
41658.8
41843.211
41843.8
41971.211
41971.8
42021.211
42021.8
42100.211
42100.8
42177.211
42177.8
42516.8
42517.212
42569.2
42569.4
42769.2
42787.5
42796.4
42799.5
42804.4
42811.5
42817.4
42826.5
42827.4
42836.5
42840.4
42848.5
42850.4
42860.5
42865.4
42872.5
42876.4
42885.5
42888.4
42896.5
42901.4
42934.5
42936.4
43020.5
43169.3
43315.8
43637.8
43969.1
44304.8
44800.8
44801.212
44857.2
44857.4
45057.2
45085.5
45090.4
45098.5
45100.4
45121.5
45127.4
45134.5
45136.4
45145.5
45149.4
45158.5
45161.4
45183.5
45186.4
45208.5
45210.4
45309.5
45457.3
46257.1
46518.8
46785.211
46785.8
46935.211
46935.8
47144.211
47144.8
47273.211
47273.8
47422.211
47422.8
47513.211
47513.8
47533.211
47533.8
47537.211
47537.8
47544.211
47544.8
47707.211
47707.8
47710.211
47710.8
48115.8
48116.212
48170.2
48170.4
48370.2
48384.5
48389.4
48390.5
48411.4
48419.5
48425.4
48432.5
48437.4
48445.5
48448.4
48457.5
48461.4
48469.5
48472.4
48481.5
48485.4
48493.5
48496.4
48517.5
48521.4
48608.5
48770.3
49570.1
49896.8
49900.211
49900.8
50113.211
50113.8
50859.8
50860.212
50919.2
50919.4
51119.2
51132.5
51136.4
51143.5
51149.4
51151.5
51153.4
51155.5
51161.4
51168.5
51172.4
51180.5
51185.4
51192.5
51197.4
51217.5
51221.4
51229.5
51235.4
51253.5
51256.4
51265.5
51269.4
51289.5
51291.4
51376.5
51519.3
52035.8
52168.8
52319.1
53308.8
53557.211
53557.8
53839.211
53839.8
53874.211
53874.8
54066.211
54066.8
54082.211
54082.8
54157.211
54157.8
54294.211
54294.8
54357.211
54357.8
54910.8
54911.212
54911.8
54966.2
54966.4
55166.2
55193.5
55196.4
55205.5
55210.4
55216.5
55221.4
55229.5
55234.4
55241.5
55247.4
55254.5
55264.4
55265.5
55272.4
55280.5
55281.4
55291.5
55295.4
55303.5
55307.4
55316.5
55321.4
55387.5
55566.3
56366.1
58188.8
58384.211
58384.8
58479.211
58479.8
58544.211
58544.8
58968.8
58969.212
59026.2
59026.4
59226.2
59249.5
59253.4
59259.5
59265.4
59273.5
59277.4
59285.5
59295.4
59297.5
59303.4
59309.5
59313.4
59322.5
59327.4
59333.5
59340.4
59358.5
59363.4
59370.5
59376.4
59396.5
59398.4
59407.5
59413.4
59523.5
59626.3
60059.8
60125.8
60275.8
60426.1
60834.8
60989.211
60989.8
61136.211
61136.8
61305.211
61305.8
61794.8
61795.212
61852.2
61852.4
62052.2
62069.5
62075.4
62076.5
62095.4
62102.5
62106.4
62114.5
62120.4
62127.5
62130.4
62139.5
62157.4
62163.5
62167.4
62176.5
62179.4
62188.5
62191.4
62198.5
62217.4
62224.5
62227.4
62235.5
62240.4
62249.5
62252.4
62262.5
62263.4
62331.5
62452.3
63252.1
63276.8
63323.211
63323.8
63328.211
63328.8
63710.8
63711.212
63775.2
63775.4
63975.2
63998.5
64001.4
64007.5
64012.4
64019.5
64025.4
64031.5
64039.4
64044.5
64049.4
64056.5
64066.4
64067.5
64075.4
64081.5
64086.4
64093.5
64098.4
64105.5
64112.4
64117.5
64122.4
64130.5
64135.4
64137.5
64138.4
64141.5
64151.4
64154.5
64157.4
64167.5
64170.4
64178.5
64182.4
64190.5
64196.4
64297.5
64375.3
65175.1
65378.8
65464.211
65464.8
65638.211
65638.8
66074.8
66075.212
66136.2
66136.4
66336.2
66356.5
66358.4
66365.5
66371.4
66374.5
66375.4
66377.5
66383.4
66386.5
66387.4
66390.5
66394.4
66403.5
66405.4
66414.5
66418.4
66425.5
66431.4
66437.5
66443.4
66451.5
66454.4
66462.5
66470.4
66473.5
66482.4
66486.5
66489.4
66499.5
66501.4
66522.5
66525.4
66532.5
66539.4
66645.5
66736.3
67536.1
68403.8
70010.8
70011.212
70083.2
70083.4
70283.2
70288.5
70292.4
70294.5
70315.4
70321.5
70327.4
70330.5
70331.4
70333.5
70340.4
70347.5
70349.4
70359.5
70364.4
70366.5
70367.4
70370.5
70376.4
70395.5
70398.4
70406.5
70411.4
70488.5
70683.3
70810.8
71386.8
71483.1
71634.8
71671.211
71671.8
71821.211
71821.8
71883.211
71883.8
72011.211
72011.8
72294.211
72294.8
72310.211
72310.8
72501.211
72501.8
72716.211
72716.8
72912.211
72912.8
72935.211
72935.8
72986.211
72986.8
73100.211
73100.8
73775.8
73776.212
73823.2
73823.4
74023.2
74054.5
74058.4
74065.5
74071.4
74078.5
74082.4
74090.5
74094.4
74101.5
74108.4
74113.5
74122.4
74126.5
74130.4
74139.5
74141.4
74150.5
74155.4
74174.5
74178.4
74187.5
74188.4
74212.5
74214.4
74222.5
74227.4
74296.5
74423.3
75162.8
75223.1
75260.8
75597.8
75598.212
75655.2
75655.4
75855.2
75877.5
75878.4
75886.5
75891.4
75900.5
75903.4
75911.5
75916.4
75924.5
75927.4
75935.5
75940.4
75946.5
75953.4
75960.5
75961.4
75970.5
75974.4
75982.5
75987.4
75995.5
75997.4
76007.5
76011.4
76018.5
76023.4
76043.5
76046.4
76054.5
76058.4
76158.5
76255.3
77055.1
77544.8
77859.8
77860.212
77918.2
77918.4
78118.2
78137.5
78140.4
78149.5
78151.4
78159.5
78164.4
78169.5
78176.4
78181.5
78186.4
78193.5
78197.4
78205.5
78209.4
78217.5
78222.4
78228.5
78234.4
78240.5
78243.4
78252.5
78256.4
78263.5
78273.4
78276.5
78279.4
78288.5
78290.4
78299.5
78303.4
78403.5
78518.3
79318.1
79734.8
79811.211
79811.8
79822.211
79822.8
79963.211
79963.8
80030.211
80030.8
80135.211
80135.8
80228.211
80228.8
80335.211
80335.8
80456.211
80456.8
81447.8
81448.212
81514.2
81514.4
81714.2
81733.5
81736.4
81742.5
81749.4
81751.5
81752.4
81755.5
81761.4
81769.5
81773.4
81780.5
81785.4
81792.5
81797.4
81804.5
81808.4
81816.5
81819.4
81827.5
81835.4
81838.5
81845.4
81863.5
81867.4
81875.5
81879.4
81888.5
81891.4
81911.5
81921.4
81979.5
81985.4
81992.5
81995.4
82004.5
82114.3
82692.8
82914.1
82919.8
82983.211
82983.8
83043.211
83043.8
83322.211
83322.8
83642.8
83643.212
83705.2
83705.4
83905.2
83917.5
83921.4
83928.5
83950.4
83953.5
83958.4
83965.5
83975.4
83977.5
83985.4
83990.5
83994.4
84002.5
84007.4
84013.5
84022.4
84026.5
84032.4
84038.5
84042.4
84050.5
84054.4
84061.5
84067.4
84086.5
84091.4
84098.5
84104.4
84123.5
84126.4
84133.5
84140.4
84218.5
84219.4
84242.5
84305.3
85105.1
85190.8
85220.211
85220.8
85688.8
85689.212
85746.2
85746.4
85946.2
85966.5
85971.4
85977.5
85984.4
85986.5
85987.4
85990.5
85995.4
86002.5
86012.4
86014.5
86019.4
86027.5
86031.4
86039.5
86044.4
86051.5
86056.4
86074.5
86092.4
86099.5
86100.4
86110.5
86113.4
86123.5
86125.4
86145.5
86150.4
86236.5
86346.3
87146.1
87501.8
87578.211
87578.8
87743.211
87743.8
87896.211
87896.8
88027.211
88027.8
88253.211
88253.8
88310.211
88310.8
88904.8
88905.212
88964.2
88964.4
89164.2
89185.5
89191.4
89194.5
89195.4
89197.5
89204.4
89206.5
89207.4
89209.5
89215.4
89222.5
89224.4
89234.5
89237.4
89244.5
89262.4
89269.5
89288.4
89294.5
89295.4
89306.5
89310.4
89317.5
89323.4
89330.5
89332.4
89341.5
89346.4
89352.5
89358.4
89378.5
89381.4
89388.5
89394.4
89488.5
89495.4
89500.5
89564.3
90341.8
90353.8
90364.1
90566.8
91082.8
91083.212
91135.2
91135.4
91335.2
91363.5
91372.4
91374.5
91380.4
91387.5
91391.4
91399.5
91405.4
91411.5
91414.4
91423.5
91429.4
91430.5
91431.4
91433.5
91441.4
91447.5
91449.4
91472.5
91474.4
91483.5
91490.4
91495.5
91499.4
91527.5
91537.4
91543.5
91544.4
91556.5
91557.4
91568.5
91572.4
91673.5
91735.3
92029.8
92459.8
92462.8
92535.1
92589.8
92594.211
92594.8
92605.211
92605.8
93429.8
93430.212
93488.2
93488.4
93688.2
93707.5
93712.4
93719.5
93724.4
93732.5
93734.4
93743.5
93748.4
93755.5
93760.4
93779.5
93783.4
93790.5
93796.4
93814.5
93819.4
93826.5
93830.4
93848.5
93854.4
93861.5
93865.4
93895.5
93910.4
93970.5
94088.3
94888.1
95711.8
95713.211
95713.8
95728.211
95728.8
95862.211
95862.8
96115.211
96115.8
96286.211
96286.8
96393.211
96393.8
96434.211
96434.8
96485.211
96485.8
96591.211
96591.8
96615.211
96615.8
96620.211
96620.8
96675.211
96675.8
96960.211
96960.8
96973.211
96973.8
96988.211
96988.8
96991.211
96991.8
96995.211
96995.8
97081.211
97081.8
97203.211
97203.8
97501.211
97501.8
97511.211
97511.8
97533.211
97533.8
97632.211
97632.8
97651.211
97651.8
97776.211
97776.8
97869.211
97869.8
98221.8
98222.212
98269.2
98269.4
98469.2
98497.5
98502.4
98510.5
98513.4
98521.5
98527.4
98532.5
98542.4
98545.5
98550.4
98557.5
98562.4
98568.5
98576.4
98582.5
98586.4
98594.5
98599.4
98606.5
98612.4
98618.5
98621.4
98631.5
98634.4
98642.5
98650.4
98653.5
98658.4
98666.5
98672.4
98750.5
98869.3
99669.1
100642.8
100695.211
100695.8
101352.8
101353.212
101406.2
101406.4
101606.2
101634.5
101644.4
101646.5
101656.4
101658.5
101664.4
101673.5
101674.4
101683.5
101688.4
101690.5
101692.4
101694.5
101700.4
101707.5
101712.4
101731.5
101735.4
101743.5
101748.4
101767.5
101770.4
101778.5
101783.4
101791.5
101795.4
101814.5
101821.4
101824.5
101831.4
101851.5
101881.4
101988.5
102006.3
102777.8
102806.1
102807.8
102987.211
102987.8
103128.211
103128.8
103251.211
103251.8
103337.211
103337.8
103463.211
103463.8
103481.211
103481.8
103517.211
103517.8
103797.211
103797.8
103921.211
103921.8
104141.211
104141.8
104163.211
104163.8
104167.211
104167.8
104229.211
104229.8
104934.8
104935.212
104987.2
104987.4
105187.2
105218.5
105223.4
105231.5
105235.4
105242.5
105249.4
105256.5
105257.4
105267.5
105275.4
105278.5
105284.4
105314.5
105318.4
105326.5
105329.4
105350.5
105353.4
105362.5
105366.4
105456.5
105587.3
106387.1
106947.8
107036.211
107036.8
107039.211
107039.8
107145.211
107145.8
107774.8
107775.212
107841.2
107841.4
108041.2
108061.5
108065.4
108070.5
108077.4
108082.5
108102.4
108108.5
108114.4
108121.5
108124.4
108133.5
108137.4
108144.5
108151.4
108157.5
108160.4
108169.5
108174.4
108180.5
108186.4
108205.5
108208.4
108216.5
108222.4
108242.5
108244.4
108249.5
108270.4
108337.5
108441.3
109241.1
110228.4
110268.5
110284.4
110293.5
110306.4
110432.5
110680.8
111016.8
111017.212
111078.2
111078.4
111278.2
111292.5
111295.4
111301.5
111321.4
111322.5
111323.4
111325.5
111332.4
111337.5
111366.4
111374.5
111380.4
111385.5
111392.4
111399.5
111402.4
111410.5
111419.4
111421.5
111428.4
111448.5
111541.4
111590.5
111678.3
112478.1
113411.8
113524.211
113524.8
113841.8
113842.212
113898.2
113898.4
114098.2
114121.5
114122.4
114129.5
114134.4
114142.5
114146.4
114154.5
114158.4
114166.5
114171.4
114178.5
114181.4
114189.5
114193.4
114200.5
114210.4
114213.5
114216.4
114224.5
114230.4
114236.5
114241.4
114249.5
114253.4
114260.5
114268.4
114272.5
114279.4
114333.5
114498.3
114695.8
114737.8
114745.8
115157.8
115170.8
115298.1
115316.8
115321.211
115321.8
115955.8
115956.212
116021.2
116021.4
116221.2
116230.5
116232.4
116233.5
116255.4
116261.5
116267.4
116273.5
116278.4
116286.5
116291.4
116296.5
116304.4
116310.5
116313.4
116321.5
116325.4
116332.5
116343.4
116344.5
116350.4
116356.5
116361.4
116368.5
116374.4
116381.5
116384.4
116392.5
116400.4
116403.5
116411.4
116417.5
116418.4
116427.5
116435.4
116439.5
116445.4
116464.5
116466.4
116488.5
116495.4
116580.5
116621.3
117421.1
117609.8
117634.211
117634.8
117639.211
117639.8
119231.8
119232.212
119286.2
119286.4
119486.2
119515.5
119521.4
119528.5
119532.4
119540.5
119546.4
119552.5
119557.4
119565.5
119568.4
119576.5
119581.4
119589.5
119591.4
119600.5
119604.4
119611.5
119618.4
119625.5
119626.4
119635.5
119640.4
119649.5
119650.4
119659.5
119666.4
119671.5
119676.4
119700.5
119886.3
120686.1
121125.8
121366.211
121366.8
121558.211
121558.8
121667.211
121667.8
121673.211
121673.8
121849.211
121849.8
121853.211
121853.8
121987.211
121987.8
122019.211
122019.8
122153.211
122153.8
122189.211
122189.8
122416.211
122416.8
122630.211
122630.8
122964.8
122965.212
123022.2
123022.4
123222.2
123245.5
123254.4
123256.5
123263.4
123269.5
123275.4
123281.5
123284.4
123294.5
123298.4
123303.5
123314.4
123317.5
123321.4
123328.5
123334.4
123336.5
123337.4
123340.5
123347.4
123353.5
123356.4
123364.5
123383.4
123389.5
123393.4
123402.5
123405.4
123414.5
123419.4
123479.5
123622.3
124422.1
125046.8
125208.211
125208.8
125316.211
125316.8
125371.211
125371.8
125608.211
125608.8
125612.211
125612.8
125665.211
125665.8
126318.8
126319.212
126374.2
126374.4
126376.5
126377.4
126574.2
126607.5
126612.4
126619.5
126623.4
126632.5
126634.4
126643.5
126646.4
126654.5
126658.4
126679.5
126682.4
126690.5
126695.4
126716.5
126717.4
126727.5
126728.4
126749.5
126754.4
126761.5
126764.4
126824.5
126974.3
127774.1
128325.8
128395.211
128395.8
128660.211
128660.8
128663.211
128663.8
128670.211
128670.8
129200.8
129201.212
129262.2
129262.4
129462.2
129492.5
129499.4
129505.5
129508.4
129517.5
129539.4
129541.5
129547.4
129553.5
129557.4
129566.5
129571.4
129577.5
129586.4
129589.5
129593.4
129601.5
129604.4
129613.5
129618.4
129624.5
129632.4
129637.5
129641.4
129649.5
129655.4
129661.5
129667.4
129687.5
129691.4
129697.5
129706.4
129779.5
129862.3
130662.1
131711.8
131712.211
131712.8
131747.211
131747.8
131790.211
131790.8
131852.211
131852.8
131880.211
131880.8
131996.211
131996.8
132342.8
132343.212
132409.2
132409.4
132609.2
132648.5
132653.4
132660.5
132665.4
132673.5
132676.4
132684.5
132703.4
132704.5
132705.4
132708.5
132713.4
132720.5
132723.4
132732.5
132737.4
132742.5
132751.4
132756.5
132759.4
132779.5
132804.4
132812.5
132821.4
132822.5
132833.4
132895.5
133009.3
133809.1
134117.8
134150.211
134150.8
134160.211
134160.8
134164.211
134164.8
134299.211
134299.8
134304.211
134304.8
134509.211
134509.8
134696.211
134696.8
134699.211
134699.8
134866.211
134866.8
134876.211
134876.8
134891.211
134891.8
135036.211
135036.8
135219.211
135219.8
135392.211
135392.8
135461.211
135461.8
135465.211
135465.8
135941.8
135942.212
135998.2
135998.4
136198.2
136215.5
136217.4
136224.5
136231.4
136233.5
136234.4
136237.5
136242.4
136251.5
136255.4
136258.5
136259.4
136261.5
136267.4
136275.5
136276.4
136285.5
136294.4
136295.5
136304.4
136310.5
136313.4
136320.5
136326.4
136332.5
136338.4
136344.5
136347.4
136355.5
136362.4
136366.5
136386.4
136392.5
136396.4
136406.5
136407.4
136416.5
136424.4
136427.5
136431.4
136440.5
136445.4
136449.5
136465.4
136474.5
136598.3
137398.1
138017.8
138528.8
138529.212
138597.2
138597.4
138797.2
138809.5
138820.4
138822.5
138828.4
138835.5
138839.4
138847.5
138853.4
138859.5
138864.4
138870.5
138888.4
138894.5
138899.4
138906.5
138910.4
138918.5
138921.4
138930.5
138935.4
138943.5
138944.4
138954.5
138958.4
138965.5
138972.4
138978.5
138981.4
138990.5
138994.4
139001.5
139004.4
139013.5
139022.4
139024.5
139029.4
139039.5
139042.4
139046.5
139197.3
139997.1
140375.8
140477.211
140477.8
140482.211
140482.8
140565.211
140565.8
140602.211
140602.8
141179.8
141180.212
141237.2
141237.4
141437.2
141466.5
141472.4
141478.5
141481.4
141490.5
141494.4
141501.5
141505.4
141514.5
141531.4
141538.5
141539.4
141549.5
141554.4
141560.5
141566.4
141584.5
141588.4
141596.5
141598.4
141608.5
141615.4
141619.5
141624.4
141644.5
141648.4
141654.5
141837.3
142637.1
142936.8
142984.211
142984.8
143209.211
143209.8
143211.211
143211.8
143327.211
143327.8
143372.211
143372.8
143800.8
143801.212
143873.2
143873.4
144073.2
144090.5
144093.4
144101.5
144111.4
144112.5
144119.4
144126.5
144131.4
144137.5
144143.4
144150.5
144151.4
144161.5
144165.4
144168.5
144169.4
144171.5
144178.4
144184.5
144187.4
144196.5
144201.4
144208.5
144213.4
144220.5
144225.4
144231.5
144241.4
144243.5
144248.4
144256.5
144260.4
144268.5
144271.4
144290.5
144294.4
144301.5
144307.4
144326.5
144330.4
144333.5
144352.4
144473.3
144503.5
145141.8
145204.8
145273.1
145362.8
145417.211
145417.8
145585.211
145585.8
145617.211
145617.8
146851.8
146852.212
146912.2
146912.4
147112.2
147117.5
147144.4
147150.5
147157.4
147162.5
147168.4
147174.5
147180.4
147186.5
147189.4
147196.5
147203.4
147205.5
147218.4
147220.5
147225.4
147232.5
147238.4
147244.5
147250.4
147256.5
147259.4
147268.5
147272.4
147280.5
147285.4
147292.5
147295.4
147305.5
147309.4
147315.5
147324.4
147328.5
147331.4
147340.5
147342.4
147351.5
147356.4
147429.5
147512.3
148214.8
148254.8
148294.8
148312.1
148323.8
148405.211
148405.8
148511.211
148511.8
148519.211
148519.8
148521.211
148521.8
148527.211
148527.8
148997.8
148998.212
149052.2
149052.4
149252.2
149277.5
149286.4
149288.5
149294.4
149301.5
149306.4
149313.5
149318.4
149325.5
149329.4
149336.5
149342.4
149348.5
149353.4
149359.5
149378.4
149383.5
149387.4
149395.5
149403.4
149406.5
149412.4
149431.5
149434.4
149442.5
149449.4
149454.5
149456.4
149467.5
149470.4
149476.5
149484.4
149488.5
149491.4
149500.5
149504.4
149508.5
149652.3
150452.1
150879.8
150964.211
150964.8
150972.211
150972.8
151422.8
151423.212
151487.2
151487.4
151687.2
151728.5
151730.4
151738.5
151743.4
151761.5
151765.4
151772.5
151778.4
151797.5
151799.4
151808.5
151811.4
151819.5
151825.4
151842.5
151846.4
151856.5
151857.4
151864.5
151872.4
151912.5
151932.4
151993.5
152087.3
152887.1
154612.8
154624.211
154624.8
154742.211
154742.8
155484.8
155485.212
155570.2
155570.4
155770.2
155792.5
155796.4
155803.5
155808.4
155815.5
155820.4
155827.5
155844.4
155851.5
155856.4
155863.5
155866.4
155874.5
155880.4
155886.5
155893.4
155899.5
155900.4
155910.5
155914.4
155923.5
155925.4
155945.5
155949.4
155991.5
156009.4
156014.5
156170.3
156970.1
160109.8
160117.211
160117.8
160237.211
160237.8
160430.211
160430.8
160495.211
160495.8
160577.211
160577.8
160709.211
160709.8
160713.211
160713.8
160716.211
160716.8
161064.8
161065.212
161118.2
161118.4
161318.2
161344.5
161345.4
161352.5
161371.4
161377.5
161380.4
161390.5
161393.4
161399.5
161406.4
161414.5
161416.4
161425.5
161430.4
161436.5
161443.4
161461.5
161465.4
161472.5
161481.4
161485.5
161489.4
161518.5
161718.3
162518.1
162559.4
162575.5
162755.8
162757.211
162757.8
162801.211
162801.8
163096.211
163096.8
163432.8
163433.212
163485.2
163485.4
163685.2
163709.5
163711.4
163719.5
163725.4
163727.5
163728.4
163731.5
163737.4
163743.5
163748.4
163755.5
163764.4
163766.5
163772.4
163778.5
163783.4
163791.5
163793.4
163802.5
163811.4
163813.5
163821.4
163827.5
163831.4
163838.5
163844.4
163851.5
163854.4
163892.5
163927.4
163932.5
163941.4
163944.5
163949.4
163958.5
163962.4
163969.5
163975.4
163981.5
163986.4
164005.5
164010.4
164017.5
164025.4
164039.5
164085.3
164885.1
165024.8
165043.211
165043.8
165612.8
165613.212
165677.2
165677.4
165877.2
165887.5
165889.4
165895.5
165913.4
165919.5
165925.4
165932.5
165935.4
165945.5
165948.4
165954.5
165970.4
165979.5
165983.4
165991.5
165995.4
166026.5
166032.4
166061.5
166069.4
166071.5
166077.4
166158.5
166277.3
167077.1
167339.8
167365.211
167365.8
167376.211
167376.8
167469.211
167469.8
167592.211
167592.8
167759.211
167759.8
167905.211
167905.8
168113.211
168113.8
169004.8
169005.212
169062.2
169062.4
169262.2
169280.5
169284.4
169292.5
169302.4
169303.5
169310.4
169316.5
169322.4
169329.5
169331.4
169340.5
169345.4
169350.5
169357.4
169375.5
169380.4
169386.5
169391.4
169399.5
169402.4
169410.5
169416.4
169417.5
169418.4
169422.5
169427.4
169456.5
169460.4
169487.5
169662.3
170462.1
170548.8
170597.211
170597.8
170601.211
170601.8
170845.211
170845.8
170980.211
170980.8
170983.211
170983.8
171004.211
171004.8
171245.211
171245.8
171318.211
171318.8
172058.8
172059.212
172140.2
172140.4
172340.2
172344.5
172346.4
172352.5
172358.4
172364.5
172369.4
172375.5
172385.4
172387.5
172393.4
172400.5
172404.4
172412.5
172417.4
172423.5
172430.4
172436.5
172440.4
172448.5
172457.4
172460.5
172466.4
172472.5
172476.4
172484.5
172488.4
172495.5
172513.4
172519.5
172523.4
172555.5
172560.4
172642.5
172740.3
172740.4
172849.5
173540.1
173731.8
173793.211
173793.8
174209.8
174210.212
174269.2
174269.4
174469.2
174485.5
174488.4
174495.5
174501.4
174507.5
174512.4
174520.5
174522.4
174531.5
174536.4
174538.5
174539.4
174542.5
174548.4
174567.5
174575.4
174577.5
174585.4
174591.5
174593.4
174603.5
174605.4
174613.5
174618.4
174646.5
174869.3
180000.9
123456789
4
10
17
4
10
17
0
0
0
5
14
19
37
14
52
37
6
2
2623
0
0
0
314159265
56
395
837
180000
314159265
0.1
415.8
709.211
709.8
718.211
718.8
738.211
738.8
988.211
988.8
1433.8
1434.212
1479.2
1479.4
1679.2
1696.5
1697.4
1705.5
1712.4
1719.5
1726.4
1732.5
1737.4
1758.5
1764.4
1918.5
2079.3
2879.1
3097.8
3271.211
3271.8
3580.8
3581.212
3626.2
3626.4
3826.2
3852.5
3855.4
3864.5
3869.4
3875.5
3880.4
3902.5
3903.4
3914.5
3918.4
3958.5
3959.4
4068.5
4226.3
5026.1
6295.8
6650.8
6651.212
6699.2
6699.4
6899.2
6910.5
6911.4
6920.5
6923.4
7125.5
7299.3
7974.4
8057.5
8099.1
11667.4
11674.5
14878.8
15541.8
15542.212
15598.2
15598.4
15798.2
15829.5
15831.4
15840.5
15844.4
15866.5
15869.4
15878.5
15882.4
15920.5
15921.4
16024.5
16198.3
16712.4
16727.5
16756.4
16760.5
16769.4
16867.5
16998.1
17030.8
17046.211
17046.8
17130.211
17130.8
17197.211
17197.8
17318.211
17318.8
17549.211
17549.8
17771.211
17771.8
18326.8
18327.212
18377.2
18377.4
18379.5
18381.4
18577.2
18587.5
18617.4
18620.5
18626.4
18634.5
18639.4
18647.5
18649.4
18659.5
18663.4
18677.5
18977.3
19777.1
20817.8
21060.211
21060.8
21126.211
21126.8
21220.211
21220.8
21252.211
21252.8
21318.211
21318.8
21842.8
21843.212
21893.2
21893.4
22093.2
22116.5
22118.4
22127.5
22132.4
22140.5
22144.4
22152.5
22157.4
22165.5
22169.4
22178.5
22182.4
22190.5
22194.4
22203.5
22207.4
22215.5
22222.4
22241.5
22244.4
22253.5
22258.4
22422.5
22493.3
23293.1
24051.8
24696.8
24697.212
24753.2
24753.4
24953.2
24980.5
24985.4
24987.5
24989.4
24991.5
25002.4
25004.5
25011.4
25019.5
25022.4
25032.5
25035.4
25044.5
25046.4
25055.5
25062.4
25093.5
25097.4
25104.5
25111.4
25228.5
25353.3
25722.4
25729.5
26153.1
26731.8
26737.211
26737.8
26743.211
26743.8
26772.211
26772.8
26988.211
26988.8
27027.211
27027.8
27419.8
27420.212
27475.2
27475.4
27675.2
27679.5
27695.4
27702.5
27712.4
27713.5
27725.4
27726.5
27734.4
27741.5
27746.4
27753.5
27776.4
27779.5
27782.4
27791.5
27796.4
27798.5
27800.4
27802.5
27809.4
27841.5
27846.4
27938.5
28075.3
28604.8
28875.1
29037.8
29041.211
29041.8
29187.211
29187.8
29206.211
29206.8
29238.211
29238.8
29249.211
29249.8
29329.211
29329.8
29668.8
29669.212
29718.2
29718.4
29918.2
29935.5
29936.4
29945.5
29949.4
29970.5
29975.4
29977.5
29978.4
29981.5
29987.4
30007.5
30012.4
30018.5
30025.4
30056.5
30061.4
30084.5
30085.4
30094.5
30098.4
30164.5
30318.3
31118.1
31492.8
31518.211
31518.8
31572.211
31572.8
31599.211
31599.8
31668.211
31668.8
31741.211
31741.8
31845.211
31845.8
31847.211
31847.8
31938.211
31938.8
32630.8
32631.212
32677.2
32677.4
32877.2
32898.5
32901.4
32909.5
32913.4
32921.5
32928.4
32933.5
32937.4
32948.5
32949.4
32958.5
32963.4
32970.5
32975.4
32983.5
32986.4
32996.5
32997.4
33007.5
33011.4
33020.5
33022.4
33044.5
33045.4
33054.5
33061.4
33133.5
33277.3
33370.4
33386.5
34077.1
34638.8
34757.211
34757.8
34925.211
34925.8
35105.211
35105.8
35536.8
35537.212
35590.2
35590.4
35790.2
35817.5
35827.4
35829.5
35835.4
35841.5
35848.4
35855.5
35859.4
35868.5
35877.4
35878.5
35886.4
35905.5
35909.4
35917.5
35921.4
35941.5
35944.4
35953.5
35958.4
35978.5
35982.4
35990.5
35995.4
36085.5
36190.3
36990.1
37684.8
37688.211
37688.8
37734.211
37734.8
37945.211
37945.8
38423.8
38424.212
38475.2
38475.4
38675.2
38680.5
38696.4
38698.5
38703.4
38711.5
38717.4
38723.5
38730.4
38736.5
38741.4
38750.5
38752.4
38760.5
38766.4
38785.5
38790.4
38792.5
38794.4
38796.5
38803.4
38822.5
38825.4
38833.5
38842.4
38847.5
38849.4
38859.5
38862.4
38954.5
39075.3
39875.1
40619.8
40713.211
40713.8
40746.211
40746.8
40927.211
40927.8
40929.211
40929.8
40964.211
40964.8
41232.211
41232.8
41269.211
41269.8
41682.8
41683.212
41754.2
41754.4
41954.2
41967.5
41973.4
41980.5
41985.4
41993.5
42000.4
42006.5
42009.4
42018.5
42023.4
42025.5
42027.4
42029.5
42036.4
42044.5
42046.4
42056.5
42059.4
42068.5
42076.4
42081.5
42084.4
42105.5
42110.4
42118.5
42121.4
42198.5
42354.3
43042.8
43045.8
43154.1
43183.8
43238.211
43238.8
43281.211
43281.8
43523.211
43523.8
44002.8
44003.212
44056.2
44056.4
44256.2
44286.5
44291.4
44294.5
44295.4
44298.5
44304.4
44311.5
44314.4
44324.5
44328.4
44335.5
44340.4
44359.5
44363.4
44371.5
44375.4
44397.5
44400.4
44420.5
44424.4
44431.5
44438.4
44444.5
44446.4
44514.5
44574.4
44628.5
44656.3
45456.1
45795.8
45904.211
45904.8
46033.211
46033.8
46161.211
46161.8
46186.211
46186.8
46287.211
46287.8
46311.211
46311.8
46645.8
46646.212
46699.2
46699.4
46899.2
46915.5
46920.4
46928.5
46932.4
46939.5
46943.4
46951.5
46959.4
46962.5
46969.4
46975.5
46982.4
46988.5
46992.4
47000.5
47004.4
47011.5
47018.4
47037.5
47042.4
47049.5
47054.4
47074.5
47078.4
47085.5
47091.4
47192.5
47299.3
48099.1
48239.8
48242.211
48242.8
48247.211
48247.8
48367.211
48367.8
48542.211
48542.8
48551.211
48551.8
48589.211
48589.8
48632.211
48632.8
48859.211
48859.8
48949.211
48949.8
48973.211
48973.8
49373.8
49374.212
49428.2
49428.4
49628.2
49643.5
49647.4
49655.5
49665.4
49667.5
49672.4
49681.5
49683.4
49693.5
49696.4
49705.5
49706.4
49717.5
49734.4
49743.5
49744.4
49754.5
49758.4
49766.5
49771.4
49791.5
49794.4
49803.5
49808.4
49840.5
49843.4
49892.5
50028.3
50356.8
50380.8
50828.1
51083.8
51085.211
51085.8
51153.211
51153.8
51212.211
51212.8
51292.211
51292.8
51542.211
51542.8
51622.211
51622.8
51641.211
51641.8
51799.211
51799.8
51829.211
51829.8
52188.8
52189.212
52245.2
52245.4
52445.2
52451.5
52470.4
52472.5
52476.4
52484.5
52491.4
52493.5
52494.4
52496.5
52503.4
52510.5
52512.4
52521.5
52538.4
52559.5
52563.4
52570.5
52575.4
52578.5
52579.4
52583.5
52587.4
52595.5
52600.4
52621.5
52626.4
52627.5
52628.4
52633.5
52634.4
52698.5
52845.3
53382.4
53397.5
53401.4
53408.5
53413.4
53433.5
53587.8
53645.1
54025.8
54027.211
54027.8
54031.211
54031.8
54055.211
54055.8
54154.211
54154.8
54336.211
54336.8
54802.8
54803.212
54856.2
54856.4
55056.2
55072.5
55073.4
55082.5
55091.4
55094.5
55098.4
55106.5
55115.4
55118.5
55125.4
55132.5
55134.4
55143.5
55148.4
55154.5
55163.4
55168.5
55171.4
55180.5
55184.4
55192.5
55198.4
55204.5
55209.4
55230.5
55232.4
55240.5
55247.4
55333.5
55456.3
56179.8
56256.1
56605.8
56651.211
56651.8
56787.211
56787.8
57312.8
57313.212
57360.2
57360.4
57560.2
57600.5
57604.4
57611.5
57616.4
57624.5
57629.4
57648.5
57653.4
57655.5
57657.4
57659.5
57670.4
57673.5
57676.4
57685.5
57688.4
57697.5
57701.4
57708.5
57713.4
57734.5
57738.4
57747.5
57748.4
57817.5
57960.3
58760.1
59270.8
59339.211
59339.8
59417.211
59417.8
59492.211
59492.8
59501.211
59501.8
59684.211
59684.8
60137.8
60138.212
60189.2
60189.4
60389.2
60414.5
60419.4
60421.5
60423.4
60425.5
60431.4
60438.5
60443.4
60451.5
60453.4
60462.5
60492.4
60498.5
60503.4
60511.5
60513.4
60522.5
60527.4
60528.5
60531.4
60533.5
60539.4
60546.5
60550.4
60559.5
60560.4
60570.5
60574.4
60581.5
60587.4
60606.5
60608.4
60617.5
60622.4
60643.5
60646.4
60656.5
60658.4
60680.5
60686.4
60688.5
60702.4
60782.5
60789.3
61589.1
61628.8
61674.211
61674.8
61730.211
61730.8
61794.211
61794.8
61896.211
61896.8
62007.211
62007.8
62405.8
62406.212
62461.2
62461.4
62661.2
62685.5
62689.4
62698.5
62702.4
62705.5
62706.4
62708.5
62715.4
62722.5
62725.4
62735.5
62738.4
62741.5
62743.4
62744.5
62752.4
62759.5
62761.4
62770.5
62776.4
62777.5
62780.4
62782.5
62789.4
62808.5
62809.4
62820.5
62823.4
62831.5
62841.4
62843.5
62847.4
62857.5
62858.4
62869.5
62870.4
62880.5
62883.4
62892.5
62893.4
62905.5
62906.4
62927.5
62936.4
62938.5
62944.4
63011.5
63061.3
63475.8
63787.8
63861.1
64091.8
64130.211
64130.8
64147.211
64147.8
64205.211
64205.8
65852.8
65853.212
65906.2
65906.4
66106.2
66131.5
66134.4
66140.5
66145.4
66153.5
66155.4
66164.5
66170.4
66177.5
66182.4
66189.5
66193.4
66201.5
66204.4
66213.5
66218.4
66225.5
66231.4
66250.5
66253.4
66262.5
66267.4
66286.5
66289.4
66297.5
66302.4
66324.5
66327.4
66335.5
66339.4
66403.5
66506.3
67306.1
67581.8
68836.8
68837.212
68893.2
68893.4
69093.2
69121.5
69126.4
69134.5
69136.4
69146.5
69167.4
69170.5
69173.4
69181.5
69187.4
69194.5
69200.4
69218.5
69223.4
69225.5
69227.4
69230.5
69237.4
69244.5
69245.4
69255.5
69261.4
69280.5
69285.4
69292.5
69297.4
69357.5
69493.3
70293.1
70380.8
70422.211
70422.8
70480.211
70480.8
70587.211
70587.8
71433.8
71434.212
71495.2
71495.4
71695.2
71712.5
71717.4
71725.5
71728.4
71735.5
71757.4
71760.5
71765.4
71772.5
71790.4
71796.5
71806.4
71807.5
71815.4
71821.5
71824.4
71832.5
71837.4
71844.5
71849.4
71858.5
71859.4
71869.5
71877.4
71880.5
71888.4
71906.5
71910.4
71918.5
71922.4
71943.5
72095.3
72895.1
72911.8
72934.211
72934.8
73019.211
73019.8
73023.211
73023.8
73135.211
73135.8
73187.211
73187.8
73471.211
73471.8
73476.211
73476.8
73482.211
73482.8
74072.8
74073.212
74130.2
74130.4
74330.2
74346.5
74348.4
74354.5
74360.4
74367.5
74377.4
74379.5
74386.4
74393.5
74396.4
74404.5
74410.4
74411.5
74414.4
74415.5
74423.4
74430.5
74431.4
74442.5
74445.4
74453.5
74463.4
74465.5
74471.4
74491.5
74494.4
74502.5
74508.4
74516.5
74517.4
74529.5
74532.4
74541.5
74543.4
74552.5
74651.4
74730.3
74735.5
75422.8
75530.1
75755.8
76068.8
76069.212
76133.2
76133.4
76333.2
76346.5
76354.4
76356.5
76362.4
76368.5
76374.4
76381.5
76386.4
76393.5
76396.4
76405.5
76410.4
76413.5
76427.4
76429.5
76433.4
76441.5
76445.4
76452.5
76458.4
76465.5
76467.4
76477.5
76485.4
76489.5
76493.4
76502.5
76507.4
76515.5
76518.4
76527.5
76530.4
76552.5
76568.4
76640.5
76733.3
77533.1
77603.8
77623.211
77623.8
77625.211
77625.8
78078.8
78079.212
78151.2
78151.4
78351.2
78358.5
78364.4
78371.5
78375.4
78382.5
78392.4
78394.5
78401.4
78408.5
78417.4
78420.5
78423.4
78431.5
78437.4
78443.5
78450.4
78457.5
78460.4
78469.5
78474.4
78480.5
78486.4
78505.5
78509.4
78517.5
78522.4
78552.5
78562.4
78565.5
78570.4
78590.5
78593.4
78613.5
78622.4
78623.5
78751.3
79551.1
79867.8
79911.211
79911.8
80214.8
80215.212
80270.2
80270.4
80470.2
80485.5
80488.4
80494.5
80500.4
80507.5
80512.4
80519.5
80525.4
80532.5
80535.4
80544.5
80547.4
80555.5
80574.4
80580.5
80584.4
80592.5
80596.4
80603.5
80610.4
80617.5
80620.4
80628.5
80637.4
80638.5
80645.4
80664.5
80668.4
80676.5
80681.4
80701.5
80706.4
80713.5
80721.4
80724.5
80727.4
80744.5
80870.3
81670.1
82122.8
82213.211
82213.8
82223.211
82223.8
82252.211
82252.8
82301.211
82301.8
82787.8
82788.212
82840.2
82840.4
83040.2
83049.5
83077.4
83082.5
83089.4
83095.5
83101.4
83107.5
83114.4
83120.5
83126.4
83132.5
83136.4
83144.5
83163.4
83165.5
83166.4
83168.5
83173.4
83179.5
83199.4
83216.5
83221.4
83223.5
83224.4
83227.5
83236.4
83241.5
83243.4
83252.5
83256.4
83277.5
83440.3
84240.1
84543.8
84563.211
84563.8
84826.211
84826.8
85887.8
85888.212
85949.2
85949.4
86149.2
86167.5
86171.4
86177.5
86187.4
86189.5
86195.4
86202.5
86221.4
86227.5
86229.4
86238.5
86243.4
86250.5
86260.4
86263.5
86267.4
86275.5
86292.4
86299.5
86304.4
86313.5
86314.4
86324.5
86328.4
86336.5
86341.4
86372.5
86379.4
86385.5
86389.4
86422.5
86549.3
87343.8
87349.1
87362.8
87491.211
87491.8
87632.211
87632.8
88026.8
88027.212
88079.2
88079.4
88279.2
88314.5
88317.4
88325.5
88330.4
88337.5
88342.4
88350.5
88352.4
88362.5
88367.4
88374.5
88380.4
88387.5
88389.4
88398.5
88403.4
88410.5
88415.4
88434.5
88442.4
88445.5
88452.4
88470.5
88474.4
88481.5
88487.4
88506.5
88512.4
88518.5
88524.4
88546.5
88547.4
88555.5
88679.3
89479.1
90063.8
90067.211
90067.8
90255.211
90255.8
90765.8
90766.212
90816.2
90816.4
91016.2
91050.5
91060.4
91062.5
91068.4
91075.5
91080.4
91088.5
91091.4
91098.5
91115.4
91123.5
91128.4
91130.5
91141.4
91148.5
91149.4
91159.5
91162.4
91171.5
91176.4
91184.5
91188.4
91196.5
91201.4
91220.5
91229.4
91231.5
91239.4
91258.5
91262.4
91270.5
91273.4
91410.5
91416.3
92216.1
92398.4
92410.5
92934.8
92939.211
92939.8
93152.211
93152.8
93905.8
93906.212
93972.2
93972.4
94172.2
94192.5
94193.4
94201.5
94207.4
94214.5
94219.4
94226.5
94236.4
94238.5
94244.4
94251.5
94254.4
94262.5
94268.4
94274.5
94280.4
94299.5
94303.4
94309.5
94320.4
94324.5
94326.4
94335.5
94340.4
94346.5
94353.4
94361.5
94362.4
94372.5
94377.4
94383.5
94389.4
94409.5
94414.4
94421.5
94426.4
94464.5
94572.3
95372.1
95424.8
95467.211
95467.8
95470.211
95470.8
95536.211
95536.8
95566.211
95566.8
95592.211
95592.8
95720.211
95720.8
95724.211
95724.8
95729.211
95729.8
95806.211
95806.8
95897.211
95897.8
96057.211
96057.8
96060.211
96060.8
96324.211
96324.8
96390.211
96390.8
96629.211
96629.8
96680.211
96680.8
96809.211
96809.8
96860.211
96860.8
97207.8
97208.212
97270.2
97270.4
97470.2
97485.5
97489.4
97495.5
97501.4
97503.5
97505.4
97508.5
97513.4
97519.5
97527.4
97543.5
97548.4
97553.5
97571.4
97580.5
97585.4
97592.5
97598.4
97617.5
97619.4
97628.5
97633.4
97640.5
97646.4
97665.5
97669.4
97721.5
97870.3
98670.1
98703.8
99717.8
99718.212
99767.2
99767.4
99967.2
99981.5
99987.4
99989.5
99990.4
99992.5
99999.4
100005.5
100013.4
100014.5
100015.4
100018.5
100023.4
100030.5
100036.4
100042.5
100047.4
100055.5
100059.4
100067.5
100070.4
100078.5
100100.4
100116.5
100119.4
100128.5
100134.4
100141.5
100144.4
100166.5
100169.4
100177.5
100195.4
100203.5
100205.4
100225.5
100367.3
101167.1
104291.8
104431.211
104431.8
104453.211
104453.8
104504.211
104504.8
105084.8
105085.212
105140.2
105140.4
105340.2
105368.5
105375.4
105382.5
105387.4
105394.5
105400.4
105419.5
105429.4
105430.5
105438.4
105446.5
105447.4
105458.5
105460.4
105469.5
105475.4
105482.5
105485.4
105495.5
105500.4
105506.5
105512.4
105551.5
105740.3
106540.1
110003.4
110158.5
110993.8
111200.211
111200.8
111306.211
111306.8
111319.211
111319.8
111337.211
111337.8
111342.211
111342.8
111542.211
111542.8
111611.211
111611.8
111640.211
111640.8
111649.211
111649.8
111961.8
111962.212
112025.2
112025.4
112225.2
112261.5
112267.4
112273.5
112277.4
112286.5
112291.4
112297.5
112305.4
112311.5
112315.4
112324.5
112329.4
112335.5
112342.4
112375.5
112379.4
112410.5
112625.3
113112.4
113122.5
113425.1
114637.8
114642.211
114642.8
116088.8
116089.212
116142.2
116142.4
116342.2
116368.5
116371.4
116378.5
116389.4
116390.5
116397.4
116403.5
116414.4
116415.5
116422.4
116430.5
116432.4
116441.5
116446.4
116452.5
116471.4
116478.5
116484.4
116491.5
116494.4
116503.5
116508.4
116516.5
116520.4
116528.5
116537.4
116539.5
116543.4
116645.5
116742.3
117542.1
119403.8
120477.8
120478.212
120533.2
120533.4
120733.2
120764.5
120771.4
120773.5
120774.4
120776.5
120784.4
120790.5
120794.4
120802.5
120808.4
120809.5
120811.4
120813.5
120823.4
120824.5
120825.4
120828.5
120833.4
120840.5
120864.4
120866.5
120872.4
120878.5
120883.4
120892.5
120895.4
120903.5
120909.4
120910.5
120911.4
120914.5
120922.4
120929.5
120932.4
120952.5
121133.3
121933.1
122973.4
122987.5
123135.8
123258.211
123258.8
123406.211
123406.8
123785.8
123786.212
123841.2
123841.4
124041.2
124069.5
124079.4
124082.5
124087.4
124094.5
124100.4
124106.5
124110.4
124119.5
124124.4
124126.5
124127.4
124130.5
124136.4
124156.5
124178.4
124181.5
124184.4
124193.5
124200.4
124204.5
124211.4
124231.5
124234.4
124255.5
124260.4
124267.5
124268.4
124290.5
124441.3
125241.1
125935.8
126255.8
126256.212
126313.2
126313.4
126513.2
126545.5
126550.4
126557.5
126562.4
126569.5
126573.4
126582.5
126586.4
126593.5
126604.4
126606.5
126613.4
126632.5
126634.4
126642.5
126649.4
126656.5
126658.4
126668.5
126677.4
126679.5
126687.4
126694.5
126695.4
126719.5
126721.4
126752.5
126913.3
127713.1
128343.4
128362.5
128730.8
128756.211
128756.8
128911.211
128911.8
129144.211
129144.8
129149.211
129149.8
129286.211
129286.8
129543.211
129543.8
129641.211
129641.8
129836.211
129836.8
129938.211
129938.8
130554.8
130555.212
130611.2
130611.4
130811.2
130845.5
130851.4
130858.5
130861.4
130870.5
130879.4
130881.5
130889.4
130895.5
130900.4
130907.5
130917.4
130919.5
130926.4
130933.5
130936.4
130957.5
130963.4
130968.5
130974.4
130994.5
130997.4
131006.5
131010.4
131046.5
131211.3
132011.1
134054.8
134075.211
134075.8
134312.211
134312.8
134351.211
134351.8
134497.211
134497.8
134835.8
134836.212
134896.2
134896.4
135096.2
135115.5
135119.4
135127.5
135136.4
135138.5
135145.4
135152.5
135155.4
135164.5
135173.4
135175.5
135181.4
135189.5
135191.4
135200.5
135205.4
135211.5
135222.4
135226.5
135229.4
135237.5
135240.4
135248.5
135254.4
135261.5
135265.4
135273.5
135279.4
135280.5
135282.4
135286.5
135288.4
135297.5
135302.4
135304.5
135305.4
135308.5
135313.4
135360.5
135496.3
136296.1
137892.8
137920.211
137920.8
138001.211
138001.8
138010.211
138010.8
138125.211
138125.8
138191.211
138191.8
138327.211
138327.8
138332.211
138332.8
138718.8
138719.212
138769.2
138769.4
138969.2
138994.5
138998.4
139006.5
139011.4
139017.5
139028.4
139029.5
139036.4
139042.5
139049.4
139055.5
139058.4
139069.5
139071.4
139081.5
139086.4
139093.5
139097.4
139105.5
139110.4
139112.5
139124.4
139130.5
139133.4
139143.5
139145.4
139155.5
139160.4
139161.5
139162.4
139166.5
139171.4
139179.5
139182.4
139202.5
139208.4
139229.5
139230.4
139340.5
139369.3
140169.1
140756.8
140766.211
140766.8
140795.211
140795.8
141057.211
141057.8
141648.8
141649.212
141706.2
141706.4
141906.2
141927.5
141933.4
141935.5
141937.4
141938.5
141950.4
141951.5
141959.4
141964.5
141970.4
141977.5
141981.4
141987.5
141998.4
142000.5
142011.4
142013.5
142018.4
142038.5
142043.4
142050.5
142055.4
142063.5
142066.4
142075.5
142080.4
142089.5
142090.4
142099.5
142109.4
142111.5
142118.4
142149.5
142154.4
142161.5
142306.3
143106.1
144060.8
144092.211
144092.8
144200.211
144200.8
144278.211
144278.8
144384.211
144384.8
144419.211
144419.8
144534.211
144534.8
144557.211
144557.8
144610.211
144610.8
144614.211
144614.8
144787.211
144787.8
144936.211
144936.8
145270.8
145271.212
145330.2
145330.4
145530.2
145552.5
145557.4
145564.5
145570.4
145577.5
145581.4
145588.5
145607.4
145614.5
145617.4
145625.5
145631.4
145633.5
145634.4
145637.5
145644.4
145651.5
145652.4
145662.5
145666.4
145673.5
145681.4
145686.5
145691.4
145699.5
145703.4
145712.5
145716.4
145724.5
145731.4
145734.5
145737.4
145744.5
145930.3
146730.1
149145.8
149178.211
149178.8
149263.211
149263.8
149330.211
149330.8
149506.211
149506.8
149510.211
149510.8
150076.8
150077.212
150136.2
150136.4
150336.2
150352.5
150353.4
150360.5
150370.4
150371.5
150383.4
150384.5
150391.4
150396.5
150401.4
150409.5
150415.4
150416.5
150428.4
150434.5
150438.4
150446.5
150450.4
150458.5
150463.4
150466.5
150468.4
150470.5
150476.4
150483.5
150489.4
150491.5
150492.4
150496.5
150499.4
150509.5
150512.4
150520.5
150526.4
150556.5
150736.3
151536.1
151563.4
151619.5
152147.8
152467.8
152468.212
152526.2
152526.4
152726.2
152743.5
152744.4
152749.5
152768.4
152774.5
152797.4
152799.5
152804.4
152812.5
152816.4
152824.5
152834.4
152836.5
152843.4
152850.5
152851.4
152861.5
152866.4
152873.5
152880.4
152886.5
152888.4
152898.5
152903.4
152910.5
152916.4
152943.5
153126.3
153685.4
153692.5
153926.1
154159.8
154172.211
154172.8
154187.211
154187.8
154307.211
154307.8
154313.211
154313.8
154342.211
154342.8
154505.211
154505.8
154644.211
154644.8
154670.211
154670.8
154831.211
154831.8
154987.211
154987.8
154999.211
154999.8
155064.211
155064.8
155069.211
155069.8
155210.211
155210.8
155360.211
155360.8
155368.211
155368.8
155374.211
155374.8
155532.211
155532.8
155703.211
155703.8
155980.211
155980.8
155985.211
155985.8
156384.8
156385.212
156434.2
156434.4
156634.2
156662.5
156663.4
156672.5
156677.4
156684.5
156687.4
156696.5
156702.4
156703.5
156705.4
156707.5
156714.4
156723.5
156724.4
156734.5
156735.4
156745.5
156750.4
156757.5
156762.4
156770.5
156773.4
156781.5
156788.4
156789.5
156790.4
156807.5
156810.4
156819.5
156823.4
156850.5
157034.3
157834.1
158343.4
158350.5
158685.8
158832.211
158832.8
158837.211
158837.8
159614.8
159615.212
159692.2
159692.4
159892.2
159908.5
159912.4
159919.5
159925.4
159932.5
159933.4
159943.5
159947.4
159953.5
159960.4
159967.5
159969.4
159978.5
159983.4
159989.5
160000.4
160003.5
160008.4
160016.5
160019.4
160027.5
160036.4
160039.5
160044.4
160075.5
160292.3
161092.1
161249.8
161276.211
161276.8
161304.211
161304.8
161368.211
161368.8
161391.211
161391.8
161463.211
161463.8
161546.211
161546.8
162205.8
162206.212
162282.2
162282.4
162482.2
162495.5
162501.4
162508.5
162512.4
162519.5
162530.4
162532.5
162538.4
162545.5
162548.4
162557.5
162562.4
162568.5
162576.4
162582.5
162583.4
162593.5
162598.4
162604.5
162615.4
162616.5
162623.4
162655.5
162882.3
163682.1
164035.8
164062.211
164062.8
164100.211
164100.8
164112.211
164112.8
164179.211
164179.8
164183.211
164183.8
164204.211
164204.8
164216.211
164216.8
164271.211
164271.8
164405.211
164405.8
164418.211
164418.8
164536.211
164536.8
164649.211
164649.8
164684.211
164684.8
164820.211
164820.8
164972.211
164972.8
164993.211
164993.8
164998.211
164998.8
165204.211
165204.8
165547.8
165548.212
165607.2
165607.4
165807.2
165829.5
165836.4
165837.5
165839.4
165842.5
165852.4
165853.5
165864.4
165867.5
165872.4
165878.5
165887.4
165890.5
165897.4
165904.5
165906.4
165915.5
165921.4
165927.5
165934.4
165951.5
165956.4
165958.5
165959.4
165962.5
165969.4
165988.5
165991.4
165999.5
166006.4
166058.5
166207.3
167007.1
167460.8
167512.211
167512.8
167600.211
167600.8
167616.211
167616.8
167659.211
167659.8
167695.211
167695.8
167699.211
167699.8
167707.211
167707.8
167747.211
167747.8
167913.211
167913.8
167958.211
167958.8
168145.211
168145.8
168149.211
168149.8
168177.211
168177.8
168181.211
168181.8
168304.211
168304.8
168377.211
168377.8
168466.211
168466.8
168857.8
168858.212
168921.2
168921.4
169121.2
169133.5
169135.4
169140.5
169147.4
169149.5
169150.4
169153.5
169158.4
169165.5
169174.4
169176.5
169195.4
169201.5
169205.4
169215.5
169218.4
169226.5
169231.4
169250.5
169255.4
169262.5
169267.4
169295.5
169521.3
170321.1
172320.8
172705.8
172706.212
172758.2
172758.4
172958.2
172979.5
172982.4
172990.5
172994.4
173001.5
173008.4
173009.5
173010.4
173013.5
173020.4
173026.5
173029.4
173038.5
173043.4
173048.5
173057.4
173074.5
173082.4
173086.5
173091.4
173111.5
173115.4
173145.5
173152.4
173156.5
173358.3
174158.1
174724.8
174858.211
174858.8
174919.211
174919.8
174929.211
174929.8
175030.211
175030.8
175105.211
175105.8
175315.211
175315.8
175318.211
175318.8
175815.8
175816.212
175878.2
175878.4
176078.2
176099.5
176103.4
176109.5
176119.4
176121.5
176127.4
176133.5
176143.4
176145.5
176151.4
176158.5
176168.4
176171.5
176175.4
176183.5
176189.4
176194.5
176212.4
176220.5
176229.4
176231.5
176239.4
176245.5
176249.4
176257.5
176262.4
176281.5
176289.4
176292.5
176299.4
176402.5
176478.3
177278.1
177790.8
177799.211
177799.8
177982.211
177982.8
177985.211
177985.8
178000.211
178000.8
178081.211
178081.8
178264.211
178264.8
178268.211
178268.8
178846.8
178847.212
178903.2
178903.4
179103.2
179118.5
179119.4
179125.5
179131.4
179138.5
179142.4
179149.5
179159.4
179161.5
179167.4
179174.5
179180.4
179186.5
179189.4
179199.5
179203.4
179209.5
179216.4
179217.5
179228.4
179234.5
179239.4
179246.5
179253.4
179272.5
179277.4
179283.5
179290.4
179310.5
179313.4
179322.5
179326.4
179335.5
179336.4
179359.5
180000.9
123456789
