4
07
17
4
07
17
0
0
0
6
14
25
00
14
58
00
6
2
1654
0
0
0
314159265
59
2
154
180000
314159265
0.1
366.6
437.211
437.6
465.211
465.6
708.4
716.5
727.4
740.5
750.4
802.5
992.212
992.6
1006.6
1049.2
1049.4
1249.3
1291.5
1309.4
1311.5
1314.4
1316.5
1320.4
1384.5
1385.4
1393.5
1400.4
1405.5
1744.6
1966.6
2036.6
2049.1
2049.6
2063.6
2158.211
2158.6
2243.211
2243.6
2302.211
2302.6
2430.211
2430.6
2493.211
2493.6
2527.211
2527.6
2590.211
2590.6
2801.211
2801.6
2896.211
2896.6
2909.211
2909.6
2951.211
2951.6
3068.211
3068.6
3095.211
3095.6
3147.211
3147.6
3917.212
3917.6
3999.2
3999.4
4199.3
4225.5
4933.6
4999.1
5094.6
5258.211
5258.6
5287.211
5287.6
5402.211
5402.6
5915.212
5915.6
5969.2
5969.4
6169.3
6193.5
6236.4
6239.5
6240.4
6243.5
6969.1
8385.6
8461.211
8461.6
8577.211
8577.6
8678.211
8678.6
8687.211
8687.6
8746.211
8746.6
8758.211
8758.6
8877.211
8877.6
9031.211
9031.6
9740.212
9740.6
9784.2
9784.4
9984.3
9999.5
10784.1
11150.6
11231.4
11321.5
11517.212
11517.6
11562.2
11562.4
11762.3
11770.5
11916.4
11946.5
11968.4
12002.5
12562.1
13095.6
13199.211
13199.6
13280.211
13280.6
13359.211
13359.6
13403.211
13403.6
13609.211
13609.6
13638.211
13638.6
13741.211
13741.6
13823.211
13823.6
13962.211
13962.6
14121.211
14121.6
14203.211
14203.6
14399.211
14399.6
14422.211
14422.6
14439.211
14439.6
14957.212
14957.6
15011.2
15011.4
15211.3
15217.5
16011.1
16852.6
16952.211
16952.6
17030.211
17030.6
17094.211
17094.6
17239.211
17239.6
17341.211
17341.6
17409.211
17409.6
17532.211
17532.6
17546.211
17546.6
17628.211
17628.6
17854.211
17854.6
17893.211
17893.6
18083.4
18096.5
18166.211
18166.6
18221.211
18221.6
18579.212
18579.6
18604.6
18645.2
18645.4
18845.3
18849.5
19454.6
19645.1
20711.6
21129.212
21129.6
21170.2
21170.4
21370.3
21396.5
22170.1
22565.6
22632.211
22632.6
22646.211
22646.6
22714.211
22714.6
22808.211
22808.6
22927.211
22927.6
23002.211
23002.6
23118.211
23118.6
23129.211
23129.6
23271.211
23271.6
23497.211
23497.6
23506.211
23506.6
23574.4
23580.5
23661.211
23661.6
23732.211
23732.6
23817.211
23817.6
23881.211
23881.6
24098.211
24098.6
24131.211
24131.6
24259.211
24259.6
24425.4
24537.5
24553.4
24693.5
24788.212
24788.6
24869.2
24869.4
25069.3
25073.5
25079.4
25080.5
25869.1
26031.6
26158.211
26158.6
26339.211
26339.6
26455.211
26455.6
26472.211
26472.6
26544.211
26544.6
26565.211
26565.6
26632.211
26632.6
26701.211
26701.6
26871.211
26871.6
26884.211
26884.6
27407.212
27407.6
27469.2
27469.4
27669.3
27688.5
28469.1
28594.6
28647.4
28687.5
28773.211
28773.6
28839.211
28839.6
28994.211
28994.6
29023.211
29023.6
29220.211
29220.6
29760.4
29778.5
29915.212
29915.6
30122.2
30122.4
30322.3
30323.5
30524.4
30689.5
31122.1
31457.6
31471.211
31471.6
31509.4
31514.5
31586.211
31586.6
31651.211
31651.6
31666.211
31666.6
31712.4
31757.5
31758.4
31808.5
32097.212
32097.6
32156.2
32156.4
32356.3
32389.5
32390.4
32394.5
32606.4
32640.5
32644.4
32707.5
32708.4
32762.5
33081.6
33116.6
33156.1
33213.4
33243.5
33262.4
33405.5
33827.6
33901.211
33901.6
33980.211
33980.6
34089.211
34089.6
34342.211
34342.6
34498.211
34498.6
34514.211
34514.6
34591.211
34591.6
34604.211
34604.6
34631.211
34631.6
34676.211
34676.6
34723.211
34723.6
34850.211
34850.6
34918.211
34918.6
34973.211
34973.6
35150.211
35150.6
35206.211
35206.6
35244.211
35244.6
35358.211
35358.6
35526.211
35526.6
35772.211
35772.6
35958.211
35958.6
36103.211
36103.6
36152.211
36152.6
36381.211
36381.6
36488.211
36488.6
36499.211
36499.6
36693.211
36693.6
36705.211
36705.6
37029.212
37029.6
37102.2
37102.4
37302.3
37317.5
38011.6
38038.6
38102.1
38261.6
38333.211
38333.6
38601.211
38601.6
38659.211
38659.6
38674.211
38674.6
38816.211
38816.6
39329.212
39329.6
39344.6
39389.2
39389.4
39589.3
39616.5
40389.1
40847.6
40871.211
40871.6
40900.211
40900.6
40994.211
40994.6
41117.211
41117.6
41130.211
41130.6
41166.211
41166.6
41345.211
41345.6
41663.212
41663.6
41719.2
41719.4
41919.3
41941.5
42294.8
42351.8
42719.1
42865.6
42888.211
42888.6
45020.212
45020.6
45037.6
45084.2
45084.4
45284.3
45310.5
46084.1
47145.6
47237.211
47237.6
47253.211
47253.6
47312.211
47312.6
47323.211
47323.6
47419.211
47419.6
47529.211
47529.6
47546.211
47546.6
47842.211
47842.6
47869.211
47869.6
47945.211
47945.6
47956.211
47956.6
48116.211
48116.6
48242.4
48286.5
48387.211
48387.6
48479.211
48479.6
48492.211
48492.6
48714.211
48714.6
48769.211
48769.6
49080.212
49080.6
49130.2
49130.4
49330.3
49369.5
49552.4
49635.5
50039.6
50130.1
50597.6
50697.211
50697.6
50722.211
50722.6
50784.211
50784.6
50794.211
50794.6
50862.211
50862.6
50990.211
50990.6
51055.211
51055.6
51069.211
51069.6
51129.211
51129.6
51266.211
51266.6
51330.211
51330.6
51449.4
51462.5
51557.211
51557.6
51574.211
51574.6
51696.4
51702.5
51769.211
51769.6
51780.211
51780.6
51841.211
51841.6
51977.211
51977.6
52072.211
52072.6
52153.211
52153.6
52340.211
52340.6
52426.211
52426.6
52562.211
52562.6
52851.211
52851.6
53058.211
53058.6
53173.211
53173.6
53239.211
53239.6
53369.211
53369.6
53381.211
53381.6
53648.211
53648.6
53666.211
53666.6
54216.212
54216.6
54228.6
54266.2
54266.4
54466.3
54503.5
55266.1
56510.6
56631.211
56631.6
56735.211
56735.6
56755.211
56755.6
57405.212
57405.6
57473.2
57473.4
57673.3
57706.5
58473.1
59448.6
59462.211
59462.6
59525.211
59525.6
59930.212
59930.6
59982.2
59982.4
60182.3
60207.5
60982.1
61144.6
61251.211
61251.6
61325.211
61325.6
61372.4
61379.5
61450.211
61450.6
61513.211
61513.6
61602.211
61602.6
61614.211
61614.6
61748.211
61748.6
61761.211
61761.6
62037.211
62037.6
62200.211
62200.6
62506.212
62506.6
62523.6
62564.2
62564.4
62764.3
62786.5
63564.1
64617.6
64704.211
64704.6
64776.211
64776.6
64887.211
64887.6
66077.212
66077.6
66123.2
66123.4
66323.3
66363.5
66542.4
66779.5
67123.1
67303.6
67347.4
67348.5
67352.4
67359.5
67432.211
67432.6
67529.211
67529.6
67615.211
67615.6
67674.211
67674.6
67819.211
67819.6
67896.211
67896.6
68596.212
68596.6
68650.2
68650.4
68850.3
68881.5
68930.4
68932.5
69650.1
70297.6
70483.211
70483.6
70562.211
70562.6
70632.211
70632.6
70695.211
70695.6
70840.211
70840.6
70932.4
70980.5
71147.212
71147.6
71200.2
71200.4
71400.3
71426.5
71708.4
71721.5
72200.1
73268.6
73297.211
73297.6
73360.211
73360.6
73466.211
73466.6
73528.211
73528.6
73654.211
73654.6
73923.211
73923.6
73993.211
73993.6
74171.211
74171.6
74275.211
74275.6
74352.4
74382.5
74555.211
74555.6
74568.211
74568.6
74611.211
74611.6
74673.211
74673.6
74749.211
74749.6
75022.211
75022.6
75101.211
75101.6
75156.211
75156.6
75415.211
75415.6
75633.211
75633.6
75906.211
75906.6
75921.211
75921.6
76076.211
76076.6
76091.211
76091.6
76283.211
76283.6
76302.211
76302.6
76623.212
76623.6
76636.6
76687.2
76687.4
76887.3
76908.5
77112.4
77181.5
77687.1
79231.6
79340.211
79340.6
79350.211
79350.6
79562.211
79562.6
79618.211
79618.6
79681.211
79681.6
79821.211
79821.6
80160.212
80160.6
80174.6
80222.2
80222.4
80422.3
80445.5
80621.4
80629.5
80631.4
80693.5
81213.6
81222.1
81351.6
81372.211
81372.6
81427.211
81427.6
81467.211
81467.6
81783.212
81783.6
81843.2
81843.4
82043.3
82066.5
82129.4
82130.5
82461.4
82489.5
82492.4
82522.5
82843.1
83877.6
83955.211
83955.6
84242.211
84242.6
84356.211
84356.6
84925.212
84925.6
84938.6
84979.2
84979.4
85179.3
85200.5
85979.1
86158.6
86181.211
86181.6
86455.4
86480.5
86492.4
86513.5
87063.4
87115.5
87122.4
87175.5
87187.4
87297.5
87534.212
87534.6
87581.2
87581.4
87781.3
87808.5
88102.4
88218.5
88219.4
88374.5
88402.4
88406.5
88412.4
88486.5
88510.4
88544.5
88581.1
88824.6
88842.211
88842.6
88904.211
88904.6
88969.211
88969.6
89128.211
89128.6
89259.211
89259.6
89344.211
89344.6
89460.211
89460.6
89637.211
89637.6
89712.211
89712.6
90081.212
90081.6
90136.2
90136.4
90336.3
90360.5
90597.4
90625.5
90686.4
90694.5
91023.4
91045.5
91059.4
91096.5
91136.1
91149.4
91174.5
91201.4
91454.5
91460.4
91509.5
91517.4
91689.5
91693.4
91860.5
92476.6
92511.211
92511.6
92586.211
92586.6
92649.211
92649.6
92747.211
92747.6
92773.211
92773.6
92837.211
92837.6
93052.211
93052.6
93121.211
93121.6
93131.211
93131.6
93225.211
93225.6
93410.211
93410.6
93500.211
93500.6
93522.211
93522.6
93879.212
93879.6
93931.2
93931.4
94131.3
94162.5
94405.4
94430.5
94531.4
94534.5
94931.1
95110.6
95205.211
95205.6
95236.211
95236.6
95250.211
95250.6
95391.211
95391.6
95647.211
95647.6
95791.211
95791.6
95915.211
95915.6
95990.211
95990.6
96002.211
96002.6
96073.211
96073.6
96162.211
96162.6
96202.211
96202.6
96281.211
96281.6
96292.211
96292.6
96684.212
96684.6
96742.2
96742.4
96942.3
96949.5
97187.4
97202.5
97233.4
97244.5
97260.4
97337.5
97742.1
97848.6
97873.211
97873.6
98245.212
98245.6
98311.2
98311.4
98511.3
98551.5
99311.1
100672.6
100821.211
100821.6
100978.211
100978.6
101061.211
101061.6
101101.211
101101.6
101255.211
101255.6
101334.211
101334.6
101342.211
101342.6
101485.211
101485.6
101616.211
101616.6
101687.211
101687.6
101824.211
101824.6
101956.211
101956.6
102216.4
102222.5
102335.212
102335.6
102425.2
102425.4
102430.5
102435.4
102625.3
102659.5
103425.1
103658.6
103772.211
103772.6
103828.211
103828.6
103953.4
104009.5
104028.4
104043.5
104049.4
104050.5
104068.4
104103.5
104188.212
104188.6
104195.6
104241.2
104241.4
104441.3
104464.5
105241.1
105263.6
105454.211
105454.6
105464.211
105464.6
105573.211
105573.6
105632.211
105632.6
105792.211
105792.6
105838.211
105838.6
106027.211
106027.6
106108.211
106108.6
106184.211
106184.6
106416.211
106416.6
106495.211
106495.6
106512.211
106512.6
106733.211
106733.6
106744.211
106744.6
107066.212
107066.6
107115.2
107115.4
107315.3
107344.5
107389.4
107394.5
108115.1
108420.6
108502.211
108502.6
108623.211
108623.6
108820.211
108820.6
108894.211
108894.6
108908.211
108908.6
109070.211
109070.6
109151.211
109151.6
109166.211
109166.6
109244.211
109244.6
109298.4
109356.5
109358.4
109365.5
109456.211
109456.6
109524.211
109524.6
109675.211
109675.6
109734.211
109734.6
110058.212
110058.6
110118.2
110118.4
110318.3
110344.5
111118.1
111892.6
111903.211
111903.6
111997.211
111997.6
112084.211
112084.6
112140.211
112140.6
112288.211
112288.6
112428.211
112428.6
112503.211
112503.6
112646.211
112646.6
112883.211
112883.6
112894.211
112894.6
112922.211
112922.6
112997.211
112997.6
113094.211
113094.6
113143.4
113175.5
113327.211
113327.6
113411.211
113411.6
113530.211
113530.6
113553.211
113553.6
113664.211
113664.6
113756.211
113756.6
113951.211
113951.6
114327.212
114327.6
114386.2
114386.4
114586.3
114632.5
115386.1
115978.6
116005.211
116005.6
116105.211
116105.6
116257.211
116257.6
116468.211
116468.6
117417.212
117417.6
117523.2
117523.4
117723.3
117748.5
118523.1
118898.6
119009.211
119009.6
119056.211
119056.6
119623.212
119623.6
119669.2
119669.4
119869.3
119907.5
120669.1
121648.6
121737.211
121737.6
121832.211
121832.6
121947.211
121947.6
122079.211
122079.6
122171.211
122171.6
122298.211
122298.6
122462.211
122462.6
122664.211
122664.6
122781.211
122781.6
122842.211
122842.6
122915.211
122915.6
123081.211
123081.6
123214.211
123214.6
123534.212
123534.6
123585.2
123585.4
123785.3
123817.5
124171.4
124179.5
124188.4
124313.5
124585.1
124990.6
125411.212
125411.6
125502.2
125502.4
125702.3
125731.5
126502.1
127130.6
127248.211
127248.6
127266.211
127266.6
127424.211
127424.6
127711.211
127711.6
127766.211
127766.6
127842.211
127842.6
128015.211
128015.6
128393.212
128393.6
128443.2
128443.4
128643.3
128664.5
128902.4
129214.5
129443.1
130018.6
130035.211
130035.6
130118.211
130118.6
130200.211
130200.6
130355.211
130355.6
130430.211
130430.6
130819.212
130819.6
130883.2
130883.4
131083.3
131104.5
131107.4
131109.5
131112.4
131113.5
131352.4
131378.5
131883.1
132042.6
132134.211
132134.6
132221.211
132221.6
132306.211
132306.6
132398.211
132398.6
132566.211
132566.6
132655.211
132655.6
132800.211
132800.6
132816.211
132816.6
132860.211
132860.6
133009.211
133009.6
133035.211
133035.6
133091.211
133091.6
133127.211
133127.6
133224.211
133224.6
133365.211
133365.6
133537.211
133537.6
133593.211
133593.6
133788.211
133788.6
133877.211
133877.6
134049.211
134049.6
134067.211
134067.6
134152.211
134152.6
134270.211
134270.6
134901.212
134901.6
134970.2
134970.4
135170.3
135200.5
135203.4
135206.5
135954.6
135970.1
136292.6
136302.211
136302.6
136612.212
136612.6
136738.2
136738.4
136938.3
136962.5
137738.1
137890.6
138255.212
138255.6
138318.2
138318.4
138518.3
138542.5
139318.1
140922.6
140969.211
140969.6
141107.211
141107.6
141150.211
141150.6
141299.211
141299.6
141318.211
141318.6
141565.211
141565.6
141717.211
141717.6
141900.211
141900.6
141910.211
141910.6
141986.211
141986.6
142676.212
142676.6
142734.2
142734.4
142934.3
142967.5
143734.1
144730.6
144737.211
144737.6
144841.211
144841.6
145257.212
145257.6
145275.6
145318.2
145318.4
145518.3
145538.5
146318.1
146755.6
146925.211
146925.6
147019.211
147019.6
147200.211
147200.6
147255.211
147255.6
147529.211
147529.6
147610.211
147610.6
148032.212
148032.6
148119.2
148119.4
148319.3
148363.5
149119.1
149768.6
150191.212
150191.6
150240.2
150240.4
150440.3
150473.5
151240.1
153844.6
154670.212
154670.6
154727.2
154727.4
154927.3
154956.5
155727.1
156306.6
156600.211
156600.6
156712.211
156712.6
156816.211
156816.6
156980.211
156980.6
157073.211
157073.6
157104.211
157104.6
157317.211
157317.6
157384.211
157384.6
157499.211
157499.6
157508.211
157508.6
157888.212
157888.6
157949.2
157949.4
158149.3
158180.5
158448.4
158486.5
158491.4
158573.5
158949.1
159482.6
160920.212
160920.6
160931.6
160977.2
160977.4
161177.3
161210.5
161253.4
161258.5
161977.1
164201.6
164335.211
164335.6
164345.211
164345.6
164434.211
164434.6
164521.211
164521.6
164944.212
164944.6
165001.2
165001.4
165201.3
165235.5
166001.1
166500.6
166512.211
166512.6
166540.211
166540.6
166648.211
166648.6
166660.211
166660.6
166692.211
166692.6
166847.211
166847.6
167022.211
167022.6
167134.211
167134.6
167301.211
167301.6
167412.211
167412.6
167510.211
167510.6
167602.211
167602.6
167634.211
167634.6
167647.211
167647.6
167794.211
167794.6
167835.211
167835.6
167955.211
167955.6
168011.211
168011.6
168149.211
168149.6
168590.212
168590.6
168671.2
168671.4
168871.3
168892.5
169671.1
170119.6
170250.211
170250.6
170425.211
170425.6
170447.211
170447.6
170504.211
170504.6
170740.211
170740.6
170824.211
170824.6
170950.211
170950.6
170960.211
170960.6
171034.211
171034.6
171465.212
171465.6
171511.2
171511.4
171711.3
171752.5
172511.1
173005.6
173233.211
173233.6
173251.211
173251.6
173291.211
173291.6
173300.211
173300.6
174137.212
174137.6
174187.2
174187.4
174387.3
174421.5
174425.4
174426.5
175187.1
175789.6
175891.211
175891.6
176038.211
176038.6
176184.211
176184.6
176424.211
176424.6
176696.211
176696.6
176740.211
176740.6
176785.211
176785.6
176825.211
176825.6
176886.211
176886.6
176998.211
176998.6
177109.211
177109.6
177246.211
177246.6
177312.211
177312.6
177519.211
177519.6
177558.211
177558.6
177619.211
177619.6
177778.211
177778.6
177815.211
177815.6
178195.212
178195.6
178264.2
178264.4
178464.3
178496.5
179264.1
179664.4
179666.5
179840.4
180000.9
123456789
4
08
17
4
08
17
0
0
0
6
14
26
24
14
59
23
6
2
1680
0
0
0
314159265
60
2
137
180000
314159265
0.1
479.4
519.5
665.6
799.211
799.6
820.211
820.6
1297.6
1298.212
1365.2
1365.4
1565.2
1626.5
1660.4
1674.5
1965.3
2288.6
2365.1
2496.6
2703.211
2703.6
2884.211
2884.6
2895.211
2895.6
3062.211
3062.6
3078.211
3078.6
3419.6
3420.212
3436.6
3479.2
3479.4
3679.2
3713.5
3715.4
3719.5
3790.4
3837.5
4079.3
4220.6
4262.6
4479.1
4595.6
4787.211
4787.6
4803.211
4803.6
5066.211
5066.6
5132.211
5132.6
5309.211
5309.6
5354.211
5354.6
5720.6
5721.212
5737.6
5773.2
5773.4
5973.2
5997.5
6003.4
6004.5
6373.3
6773.1
7146.6
7276.211
7276.6
7457.211
7457.6
7554.211
7554.6
7575.211
7575.6
7858.211
7858.6
8152.211
8152.6
8161.211
8161.6
8206.211
8206.6
8233.211
8233.6
8375.211
8375.6
8539.211
8539.6
9022.6
9023.212
9086.2
9086.4
9286.2
9308.5
9312.4
9313.5
9686.3
10086.1
10822.6
10958.211
10958.6
11186.211
11186.6
11312.211
11312.6
11339.211
11339.6
11538.4
11578.5
11708.6
11709.212
11783.2
11783.4
11795.5
11796.4
11964.5
11983.2
12292.4
12383.3
12425.5
12783.1
13202.6
13212.211
13212.6
13282.211
13282.6
13436.211
13436.6
13504.211
13504.6
13635.211
13635.6
13763.211
13763.6
13788.211
13788.6
13861.211
13861.6
14021.211
14021.6
14452.6
14453.212
14504.2
14504.4
14701.5
14704.2
15104.3
15504.1
15531.6
15552.211
15552.6
15923.6
15924.212
15939.6
15980.2
15980.4
16180.2
16205.5
16580.3
16980.1
17519.6
17529.211
17529.6
17569.211
17569.6
17661.211
17661.6
17723.211
17723.6
18018.211
18018.6
18163.211
18163.6
18317.211
18317.6
18338.211
18338.6
18500.211
18500.6
19246.6
19247.212
19309.2
19309.4
19509.2
19511.5
19909.3
20309.1
20790.6
21030.211
21030.6
21124.211
21124.6
21229.211
21229.6
21282.211
21282.6
21292.211
21292.6
21387.211
21387.6
21399.211
21399.6
21611.211
21611.6
21621.211
21621.6
21740.211
21740.6
21764.211
21764.6
21958.211
21958.6
22167.211
22167.6
22371.211
22371.6
22677.6
22678.212
22740.2
22740.4
22940.2
22959.5
23340.3
23740.1
24006.6
24134.211
24134.6
24184.211
24184.6
24287.211
24287.6
24332.211
24332.6
24472.211
24472.6
24487.211
24487.6
24649.211
24649.6
24659.211
24659.6
24926.211
24926.6
24982.211
24982.6
25121.211
25121.6
25285.211
25285.6
25475.211
25475.6
25669.211
25669.6
25882.211
25882.6
25901.211
25901.6
26130.211
26130.6
26531.6
26532.212
26583.2
26583.4
26783.2
26814.5
27183.3
27467.6
27583.1
27718.6
28064.6
28065.212
28117.2
28117.4
28317.2
28335.5
28336.4
28337.5
28717.3
29043.4
29104.5
29117.1
29578.6
30143.6
30144.212
30201.2
30201.4
30401.2
30412.5
30801.3
31201.1
31598.6
31705.211
31705.6
31819.211
31819.6
31907.211
31907.6
32028.211
32028.6
32178.211
32178.6
32477.211
32477.6
32486.211
32486.6
32604.211
32604.6
32621.211
32621.6
32843.211
32843.6
32917.211
32917.6
33083.211
33083.6
33424.6
33425.212
33479.2
33479.4
33679.2
33679.5
33770.4
33772.5
33866.4
33990.5
33993.4
34000.5
34018.4
34079.3
34127.5
34173.4
34182.5
34330.6
34479.1
34674.6
34937.211
34937.6
35040.211
35040.6
35160.211
35160.6
35498.6
35499.212
35558.2
35558.4
35758.2
35768.5
36158.3
36558.1
36742.6
37180.6
37181.212
37235.2
37235.4
37435.2
37452.5
37835.3
38235.1
38258.6
38437.211
38437.6
38473.211
38473.6
38693.211
38693.6
38747.211
38747.6
38834.211
38834.6
39006.211
39006.6
39170.211
39170.6
39359.211
39359.6
39397.211
39397.6
39542.211
39542.6
41042.6
41043.212
41104.2
41104.4
41304.2
41337.5
41556.4
41606.5
41704.3
42104.1
42236.6
42582.6
42583.212
42630.2
42630.4
42830.2
42863.5
43230.3
43315.4
43388.5
43399.4
43402.5
43630.1
43673.8
44512.6
44565.211
44565.6
44680.211
44680.6
44808.211
44808.6
44838.211
44838.6
44858.211
44858.6
45035.211
45035.6
45131.211
45131.6
45293.211
45293.6
45528.211
45528.6
45726.211
45726.6
45805.211
45805.6
45988.211
45988.6
46006.211
46006.6
46246.4
46290.5
46443.6
46444.212
46495.2
46495.4
46695.2
46723.5
46914.4
46951.5
47095.3
47495.1
47823.6
47964.211
47964.6
48019.211
48019.6
48093.211
48093.6
48207.211
48207.6
48229.211
48229.6
48444.211
48444.6
48556.211
48556.6
50515.6
50516.212
50566.2
50566.4
50766.2
50788.5
50862.4
50864.5
51166.3
51556.4
51561.5
51566.1
51926.6
52053.211
52053.6
52117.211
52117.6
52831.6
52832.212
52879.2
52879.4
53079.2
53097.5
53479.3
53879.1
54703.6
54802.211
54802.6
54829.211
54829.6
54953.211
54953.6
55030.211
55030.6
55186.211
55186.6
55274.211
55274.6
55476.211
55476.6
56209.6
56210.212
56261.2
56261.4
56461.2
56485.5
56669.4
56685.5
56861.3
57261.1
57675.6
57868.211
57868.6
58006.211
58006.6
58073.211
58073.6
58445.6
58446.212
58496.2
58496.4
58696.2
58727.5
58746.4
58749.5
58750.4
58753.5
59096.3
59225.8
59496.1
59848.6
59923.211
59923.6
60035.211
60035.6
60046.211
60046.6
60080.211
60080.6
60198.211
60198.6
60207.211
60207.6
60237.211
60237.6
60343.211
60343.6
60382.211
60382.6
60512.211
60512.6
60677.211
60677.6
60698.211
60698.6
60758.211
60758.6
60924.211
60924.6
60943.211
60943.6
60962.211
60962.6
61033.211
61033.6
61230.211
61230.6
61242.211
61242.6
61322.211
61322.6
61396.211
61396.6
61591.211
61591.6
61704.211
61704.6
62006.6
62007.212
62061.2
62061.4
62261.2
62290.5
62535.4
62661.3
62804.5
63061.1
63289.6
63501.211
63501.6
63735.211
63735.6
63819.211
63819.6
63971.211
63971.6
64353.6
64354.212
64400.2
64400.4
64600.2
64632.5
64829.4
64987.5
65000.3
65400.1
65546.6
65799.211
65799.6
65856.211
65856.6
65948.211
65948.6
65991.211
65991.6
66263.211
66263.6
66360.211
66360.6
66444.211
66444.6
66483.211
66483.6
66516.211
66516.6
66552.211
66552.6
66607.211
66607.6
66998.6
66999.212
67043.2
67043.4
67243.2
67276.5
67580.4
67624.5
67643.3
67930.4
67989.5
68043.1
68112.6
68359.4
68374.5
68376.4
68378.5
68390.4
68425.5
68508.6
68509.212
68552.2
68552.4
68752.2
68783.5
69152.3
69439.6
69552.1
69776.6
69922.211
69922.6
70061.211
70061.6
70156.211
70156.6
70333.211
70333.6
70798.6
70799.212
70842.2
70842.4
71042.2
71070.5
71442.3
71842.1
72332.6
72543.211
72543.6
72614.211
72614.6
72820.211
72820.6
72877.211
72877.6
72904.211
72904.6
73172.211
73172.6
73497.6
73498.212
73540.2
73540.4
73740.2
73767.5
74140.3
74540.1
74918.6
75002.211
75002.6
75078.211
75078.6
75141.211
75141.6
75162.211
75162.6
75345.211
75345.6
75408.211
75408.6
75491.211
75491.6
75677.211
75677.6
75805.211
75805.6
75834.211
75834.6
76143.6
76144.212
76188.2
76188.4
76388.2
76406.5
76477.4
76480.5
76788.3
77128.6
77188.1
77528.6
77997.6
77998.212
78050.2
78050.4
78250.2
78283.5
78286.4
78289.5
78291.4
78293.5
78650.3
78651.4
78725.5
79050.1
79508.6
79693.211
79693.6
79765.211
79765.6
79867.211
79867.6
79941.211
79941.6
79989.211
79989.6
80029.211
80029.6
80148.211
80148.6
80337.211
80337.6
80707.6
80708.212
80755.2
80755.4
80955.2
80985.5
81355.3
81755.1
81953.6
82108.211
82108.6
82174.211
82174.6
82326.211
82326.6
82648.6
82649.212
82698.2
82698.4
82898.2
82925.5
83298.3
83698.1
84034.6
84102.211
84102.6
84298.211
84298.6
84360.211
84360.6
84607.211
84607.6
84789.211
84789.6
84828.211
84828.6
85031.211
85031.6
85049.211
85049.6
85143.211
85143.6
85177.211
85177.6
85284.211
85284.6
85340.211
85340.6
85538.211
85538.6
85597.211
85597.6
85678.211
85678.6
85851.4
85858.5
85987.6
85988.212
86040.2
86040.4
86240.2
86265.5
86640.3
86782.6
87040.1
87150.6
87202.211
87202.6
87460.211
87460.6
87531.211
87531.6
87639.211
87639.6
87683.211
87683.6
87840.211
87840.6
88019.211
88019.6
88084.211
88084.6
88220.211
88220.6
88426.211
88426.6
88486.211
88486.6
88806.6
88807.212
88880.2
88880.4
89080.2
89088.5
89480.3
89880.1
90321.6
90351.211
90351.6
90452.211
90452.6
90588.211
90588.6
90763.211
90763.6
90861.211
90861.6
90924.211
90924.6
91090.211
91090.6
91144.211
91144.6
91226.211
91226.6
91443.211
91443.6
91539.211
91539.6
91586.211
91586.6
91707.211
91707.6
91771.211
91771.6
91969.211
91969.6
92138.211
92138.6
92345.211
92345.6
92360.211
92360.6
92600.211
92600.6
92661.211
92661.6
92692.211
92692.6
92900.211
92900.6
92957.211
92957.6
93065.211
93065.6
93136.211
93136.6
93352.211
93352.6
93363.211
93363.6
93399.211
93399.6
93798.6
93799.212
93846.2
93846.4
94046.2
94074.5
94446.3
94846.1
95506.6
95707.211
95707.6
95960.211
95960.6
96123.211
96123.6
96156.211
96156.6
96260.211
96260.6
96294.211
96294.6
96478.211
96478.6
96495.211
96495.6
96904.6
96905.212
96953.2
96953.4
97153.2
97182.5
97553.3
97953.1
98436.6
98768.6
98769.212
98841.2
98841.4
99041.2
99073.5
99078.4
99081.5
99441.3
99485.4
99502.5
99802.4
99828.5
99841.1
99992.6
100111.211
100111.6
100132.211
100132.6
100281.211
100281.6
100322.211
100322.6
100621.211
100621.6
100675.211
100675.6
100819.211
100819.6
100871.211
100871.6
100958.211
100958.6
101153.211
101153.6
101507.6
101508.212
101557.2
101557.4
101757.2
101781.5
102157.3
102557.1
103835.6
103975.211
103975.6
104645.4
104665.5
104811.4
104828.5
105035.6
105036.212
105118.2
105118.4
105318.2
105329.5
105718.3
106118.1
107910.6
107977.211
107977.6
108387.6
108388.212
108441.2
108441.4
108641.2
108672.5
109041.3
109441.1
109969.6
110054.211
110054.6
110078.211
110078.6
110133.211
110133.6
110389.211
110389.6
110468.211
110468.6
110751.211
110751.6
110880.211
110880.6
111054.211
111054.6
111133.211
111133.6
111236.211
111236.6
111467.211
111467.6
111493.211
111493.6
111548.211
111548.6
111937.6
111938.212
111979.2
111979.4
112179.2
112212.5
112579.3
112979.1
113247.6
113501.211
113501.6
113582.211
113582.6
113792.211
113792.6
113978.211
113978.6
114014.211
114014.6
114091.211
114091.6
114167.211
114167.6
114267.211
114267.6
114327.211
114327.6
114497.211
114497.6
114602.211
114602.6
114758.211
114758.6
114835.211
114835.6
114866.211
114866.6
115050.211
115050.6
115279.211
115279.6
115298.211
115298.6
115387.211
115387.6
115401.211
115401.6
115456.211
115456.6
115780.6
115781.212
115828.2
115828.4
116028.2
116057.5
116428.3
116828.1
117362.6
117494.211
117494.6
117633.211
117633.6
117698.211
117698.6
117834.211
117834.6
117909.211
117909.6
118280.6
118281.212
118336.2
118336.4
118536.2
118559.5
118622.4
118623.5
118635.4
118637.5
118936.3
119336.1
120668.6
120676.211
120676.6
120744.211
120744.6
120873.211
120873.6
120923.211
120923.6
121236.6
121237.212
121293.2
121293.4
121493.2
121514.5
121523.4
121524.5
121893.3
122293.1
123084.6
123092.211
123092.6
123478.6
123479.212
123530.2
123530.4
123730.2
123745.5
123775.4
123777.5
124130.3
124530.1
125397.6
125578.211
125578.6
125645.211
125645.6
125959.6
125960.212
126007.2
126007.4
126207.2
126227.5
126230.4
126232.5
126233.4
126235.5
126245.4
126247.5
126270.4
126272.5
126607.3
127007.1
127230.6
127348.211
127348.6
127466.211
127466.6
127491.211
127491.6
127575.211
127575.6
127796.211
127796.6
127975.211
127975.6
128160.211
128160.6
128336.211
128336.6
128399.211
128399.6
128551.211
128551.6
128784.211
128784.6
128913.211
128913.6
129205.211
129205.6
129280.211
129280.6
129466.211
129466.6
130006.6
130007.212
130068.2
130068.4
130268.2
130291.5
130668.3
131068.1
131611.6
132039.6
132040.212
132087.2
132087.4
132287.2
132313.5
132687.3
132890.4
133011.5
133013.4
133027.5
133087.1
133180.6
133276.211
133276.6
133415.211
133415.6
133500.211
133500.6
133592.211
133592.6
133696.211
133696.6
133777.211
133777.6
133837.211
133837.6
133869.211
133869.6
134026.211
134026.6
134106.211
134106.6
134192.211
134192.6
134213.211
134213.6
134340.211
134340.6
134350.211
134350.6
134427.211
134427.6
134509.211
134509.6
134555.211
134555.6
134813.211
134813.6
134881.211
134881.6
134961.211
134961.6
135047.211
135047.6
135111.211
135111.6
135257.211
135257.6
135309.211
135309.6
135493.211
135493.6
135567.211
135567.6
135690.211
135690.6
135713.211
135713.6
135842.211
135842.6
136134.211
136134.6
136197.211
136197.6
136266.211
136266.6
136397.211
136397.6
136659.211
136659.6
136745.211
136745.6
136814.211
136814.6
136985.211
136985.6
137056.211
137056.6
137211.211
137211.6
137275.211
137275.6
137368.211
137368.6
137599.211
137599.6
137674.211
137674.6
137805.211
137805.6
137891.211
137891.6
138064.211
138064.6
138133.211
138133.6
138176.211
138176.6
138189.211
138189.6
138263.211
138263.6
138387.211
138387.6
138534.211
138534.6
138603.211
138603.6
138702.211
138702.6
138761.211
138761.6
138917.211
138917.6
139018.211
139018.6
139035.211
139035.6
139087.211
139087.6
139338.211
139338.6
139632.211
139632.6
139778.211
139778.6
139996.211
139996.6
140239.211
140239.6
140557.6
140558.212
140608.2
140608.4
140808.2
140846.5
141208.3
141608.1
142102.6
142271.211
142271.6
142684.6
142685.212
142799.2
142799.4
142999.2
143012.5
143399.3
143799.1
144409.6
144609.211
144609.6
144992.6
144993.212
145050.2
145050.4
145250.2
145269.5
145650.3
146050.1
147629.6
147751.211
147751.6
148102.6
148103.212
148227.2
148227.4
148427.2
148464.5
148765.4
148827.3
148828.5
148831.4
148864.5
148885.4
148942.5
148949.4
148969.5
149227.1
150589.6
150669.211
150669.6
150807.211
150807.6
150887.211
150887.6
151396.6
151397.212
151449.2
151449.4
151452.5
151454.4
151649.2
151668.5
151719.4
151720.5
151967.4
152016.5
152049.3
152049.4
152055.5
152076.4
152087.5
152125.4
152150.5
152158.4
152233.5
152449.1
152636.6
152817.211
152817.6
152884.211
152884.6
152976.211
152976.6
153003.211
153003.6
153158.211
153158.6
153216.211
153216.6
153653.6
153654.212
153661.6
153719.2
153719.4
153919.2
153937.5
154319.3
154719.1
154866.6
154890.211
154890.6
155126.211
155126.6
155265.211
155265.6
155296.211
155296.6
155367.211
155367.6
155498.211
155498.6
155664.211
155664.6
155703.211
155703.6
155726.211
155726.6
155770.211
155770.6
155906.211
155906.6
156017.211
156017.6
156047.211
156047.6
156249.211
156249.6
156509.211
156509.6
156673.211
156673.6
156738.211
156738.6
156851.211
156851.6
156957.211
156957.6
157058.211
157058.6
157099.211
157099.6
157125.211
157125.6
157280.211
157280.6
157322.211
157322.6
157621.211
157621.6
157673.211
157673.6
157739.211
157739.6
157765.211
157765.6
157845.211
157845.6
158066.211
158066.6
158248.211
158248.6
158260.211
158260.6
158389.211
158389.6
158649.211
158649.6
158729.211
158729.6
158815.211
158815.6
158933.211
158933.6
159307.6
159308.212
159360.2
159360.4
159560.2
159595.5
159960.3
160360.1
160554.6
160712.211
160712.6
160917.211
160917.6
161008.211
161008.6
161130.211
161130.6
161289.211
161289.6
161398.211
161398.6
161601.211
161601.6
161645.211
161645.6
161774.211
161774.6
162188.4
162189.5
162190.4
162481.5
162493.4
162550.5
162659.6
162660.212
162747.2
162747.4
162947.2
162980.5
162988.4
162991.5
163001.4
163002.5
163347.3
163747.1
164037.6
164158.211
164158.6
164363.211
164363.6
164497.211
164497.6
164847.6
164848.212
164908.2
164908.4
165108.2
165125.5
165508.3
165908.1
166386.6
166517.211
166517.6
166751.211
166751.6
166936.211
166936.6
167186.4
167198.5
167314.6
167315.212
167362.2
167362.4
167562.2
167594.5
167603.4
167605.5
167616.4
167617.5
167629.4
167630.5
167705.4
167711.5
167962.3
168362.1
170436.6
170503.211
170503.6
170767.211
170767.6
170995.211
170995.6
171091.211
171091.6
171198.211
171198.6
171540.6
171541.212
171601.2
171601.4
171801.2
171826.5
172201.3
172601.1
173464.6
173563.211
173563.6
173649.211
173649.6
173859.211
173859.6
173871.211
173871.6
173922.211
173922.6
174070.211
174070.6
174518.6
174519.212
174583.2
174583.4
174783.2
174786.5
174788.4
174796.5
174878.4
174880.5
174882.4
174884.5
175183.3
175583.1
178809.6
178985.211
178985.6
179160.211
179160.6
179303.211
179303.6
179470.211
179470.6
179614.211
179614.6
179903.211
179903.6
179981.211
180000.9
123456789
4
09
17
4
09
17
0
0
0
6
14
30
38
15
03
39
6
2
1476
0
0
0
314159265
60
1
130
180000
314159265
0.1
314.6
327.211
327.6
427.211
427.6
477.211
477.6
623.211
623.6
780.211
780.6
1497.6
1498.212
1555.2
1555.4
1755.2
1805.5
1865.4
2028.5
2155.3
2555.1
2719.6
2729.211
2729.6
2850.211
2850.6
2956.211
2956.6
2970.211
2970.6
3249.211
3249.6
3637.6
3638.212
3681.2
3681.4
3881.2
3903.5
3996.4
4008.5
4014.4
4022.5
4098.4
4145.5
4281.3
4681.1
5052.6
5198.211
5198.6
5258.211
5258.6
5426.211
5426.6
5435.211
5435.6
5594.211
5594.6
5977.6
5978.212
6029.2
6029.4
6229.2
6259.5
6260.4
6262.5
6629.3
7029.1
8008.6
8231.211
8231.6
8407.211
8407.6
8415.211
8415.6
8738.6
8739.212
8793.2
8793.4
8979.5
8993.2
9393.3
9793.1
9835.6
10188.6
10189.212
10241.2
10241.4
10441.2
10465.5
10676.4
10683.5
10707.4
10788.5
10841.3
11241.1
11441.6
11540.211
11540.6
11653.211
11653.6
11747.211
11747.6
12052.6
12053.212
12101.2
12101.4
12301.2
12320.5
12323.4
12324.5
12701.3
12917.6
13101.1
13271.6
13345.211
13345.6
13446.211
13446.6
13469.211
13469.6
13606.211
13606.6
13633.211
13633.6
13749.211
13749.6
13945.211
13945.6
14175.211
14175.6
14770.6
14771.212
14819.2
14819.4
15019.2
15041.5
15045.4
15048.5
15049.4
15051.5
15419.3
15666.6
15675.6
15819.1
16061.6
16313.211
16313.6
16388.211
16388.6
16670.211
16670.6
16963.211
16963.6
17164.211
17164.6
17380.211
17380.6
17619.211
17619.6
18045.4
18048.5
18055.4
18060.5
18136.6
18137.212
18182.2
18182.4
18382.2
18401.5
18782.3
19182.1
19502.6
19888.6
19889.212
19947.2
19947.4
20147.2
20151.5
20154.4
20156.5
20402.4
20478.5
20547.3
20630.4
20648.5
20681.4
20690.5
20691.4
20694.5
20947.1
21434.6
21579.211
21579.6
21915.6
21916.212
21961.2
21961.4
22161.2
22163.5
22421.4
22445.5
22561.3
22961.1
23229.6
23412.211
23412.6
23425.211
23425.6
23504.211
23504.6
23633.211
23633.6
23891.211
23891.6
24005.211
24005.6
24377.6
24378.212
24425.2
24425.4
24625.2
24645.5
24846.4
24979.5
25025.3
25425.1
25858.6
26049.211
26049.6
26127.211
26127.6
26273.211
26273.6
26279.211
26279.6
26605.6
26606.212
26666.2
26666.4
26866.2
26880.5
27115.4
27167.5
27266.3
27666.1
27948.6
28254.6
28255.212
28274.6
28311.2
28311.4
28511.2
28539.5
28571.4
28573.5
28574.4
28575.5
28636.4
28639.5
28641.4
28643.5
28911.3
28971.4
28996.5
29025.4
29045.5
29311.1
29334.6
29435.211
29435.6
29639.211
29639.6
29853.211
29853.6
29921.211
29921.6
29992.211
29992.6
30011.211
30011.6
30169.211
30169.6
30180.211
30180.6
30666.6
30667.212
30711.2
30711.4
30911.2
30929.5
31311.3
31711.1
32007.6
32488.6
32489.212
32541.2
32541.4
32735.5
32741.2
32990.4
33007.5
33141.3
33474.6
33541.1
33559.6
33691.211
33691.6
33774.211
33774.6
33868.211
33868.6
34036.211
34036.6
34051.211
34051.6
34125.211
34125.6
34237.211
34237.6
34260.211
34260.6
34380.211
34380.6
34607.211
34607.6
34615.211
34615.6
34808.211
34808.6
34837.211
34837.6
35002.211
35002.6
35243.211
35243.6
35406.211
35406.6
35674.211
35674.6
35807.211
35807.6
35822.211
35822.6
35907.211
35907.6
36094.211
36094.6
36654.6
36655.212
36703.2
36703.4
36903.2
36922.5
36926.4
36927.5
36962.4
36964.5
37049.4
37050.5
37054.4
37065.5
37303.3
37623.6
37703.1
37857.6
37865.211
37865.6
37972.211
37972.6
38347.6
38348.212
38407.2
38407.4
38607.2
38622.5
39007.3
39032.4
39042.5
39407.1
40073.6
40093.211
40093.6
40249.211
40249.6
40476.211
40476.6
40693.211
40693.6
40982.211
40982.6
41069.211
41069.6
41601.6
41602.212
41659.2
41659.4
41859.2
41862.5
41916.4
41923.5
42259.3
42659.1
43007.6
43263.211
43263.6
43340.211
43340.6
43510.211
43510.6
43732.211
43732.6
43793.211
43793.6
44329.6
44330.212
44382.2
44382.4
44582.2
44609.5
44982.3
45382.1
45718.6
45823.211
45823.6
45995.211
45995.6
46247.211
46247.6
46379.211
46379.6
46530.211
46530.6
46673.211
46673.6
47806.6
47807.212
47856.2
47856.4
48056.2
48075.5
48456.3
48856.1
49580.6
50003.6
50004.212
50053.2
50053.4
50253.2
50254.5
50653.3
51053.1
52050.6
52137.211
52137.6
52378.211
52378.6
52543.211
52543.6
52720.211
52720.6
52847.211
52847.6
53368.6
53369.212
53412.2
53412.4
53612.2
53623.5
53836.4
53843.5
53845.4
53948.5
54012.3
54412.1
55193.6
55352.211
55352.6
55524.211
55524.6
55540.211
55540.6
55943.6
55944.212
55989.2
55989.4
56189.2
56218.5
56262.4
56264.5
56267.4
56268.5
56589.3
56989.1
57392.6
57787.6
57788.212
57831.2
57831.4
58031.2
58057.5
58140.4
58142.5
58144.4
58146.5
58431.3
58746.4
58831.1
58860.5
58868.4
58999.5
59026.4
59051.5
59082.4
59114.5
59322.6
59419.211
59419.6
59747.6
59748.212
59798.2
59798.4
59998.2
60017.5
60142.4
60144.5
60398.3
60798.1
61154.6
61341.211
61341.6
61415.211
61415.6
61568.211
61568.6
61687.211
61687.6
62100.6
62101.212
62159.2
62159.4
62359.2
62363.5
62759.3
63091.6
63159.1
63523.6
63625.211
63625.6
63742.211
63742.6
63903.211
63903.6
63912.211
63912.6
64121.211
64121.6
64176.211
64176.6
64308.211
64308.6
64640.6
64641.212
64692.2
64692.4
64892.2
64918.5
64995.4
64997.5
65008.4
65011.5
65221.4
65270.5
65292.3
65692.1
65905.6
66013.211
66013.6
66051.211
66051.6
66129.211
66129.6
66225.211
66225.6
66649.6
66650.212
66704.2
66704.4
66904.2
66920.5
66925.4
66927.5
67304.3
67704.1
68338.6
68572.211
68572.6
68656.211
68656.6
68894.211
68894.6
68916.211
68916.6
68991.211
68991.6
69203.211
69203.6
69356.211
69356.6
69439.211
69439.6
69704.211
69704.6
69769.211
69769.6
69837.211
69837.6
69908.211
69908.6
70050.211
70050.6
70225.211
70225.6
70325.211
70325.6
70353.211
70353.6
70442.211
70442.6
70524.211
70524.6
70641.211
70641.6
70787.211
70787.6
70884.211
70884.6
71047.211
71047.6
71557.6
71558.212
71609.2
71609.4
71809.2
71822.5
72209.3
72609.1
72739.6
72902.211
72902.6
73072.211
73072.6
73327.211
73327.6
73432.211
73432.6
73532.211
73532.6
74159.6
74160.212
74210.2
74210.4
74410.2
74418.5
74420.4
74423.5
74537.4
74543.5
74810.3
75210.1
75406.6
75517.211
75517.6
75629.211
75629.6
75921.211
75921.6
76093.211
76093.6
76155.211
76155.6
76474.6
76475.212
76525.2
76525.4
76725.2
76736.5
77125.3
77525.1
77859.6
78377.6
78378.212
78435.2
78435.4
78635.2
78651.5
79035.3
79435.1
79692.6
79819.211
79819.6
79903.211
79903.6
80157.211
80157.6
80410.211
80410.6
80507.211
80507.6
80878.6
80879.212
80932.2
80932.4
81132.2
81139.5
81532.3
81932.1
83172.6
83236.211
83236.6
83325.211
83325.6
83426.211
83426.6
83743.6
83744.212
83797.2
83797.4
83997.2
84010.5
84397.3
84797.1
86746.6
87261.6
87262.212
87309.2
87309.4
87509.2
87536.5
87632.4
87639.5
87909.3
88309.1
88656.6
89124.6
89125.212
89180.2
89180.4
89184.5
89185.4
89376.5
89380.2
89381.4
89382.5
89472.4
89473.5
89780.3
90180.1
90487.6
90699.211
90699.6
90906.211
90906.6
90968.211
90968.6
91093.211
91093.6
91103.211
91103.6
91241.211
91241.6
91433.211
91433.6
91693.211
91693.6
91780.211
91780.6
91936.211
91936.6
91955.211
91955.6
92088.211
92088.6
92098.211
92098.6
92358.211
92358.6
92418.211
92418.6
92535.211
92535.6
92650.211
92650.6
92869.211
92869.6
92917.211
92917.6
93017.211
93017.6
94098.6
94099.212
94164.2
94164.4
94364.2
94379.5
94764.3
95164.1
95220.6
95334.211
95334.6
95907.6
95908.212
95958.2
95958.4
96158.2
96164.5
96558.3
96620.4
96642.5
96705.4
96729.5
96737.4
96740.5
96741.4
96747.5
96958.1
97430.6
97622.211
97622.6
97678.211
97678.6
97977.211
97977.6
98439.6
98440.212
98493.2
98493.4
98693.2
98705.5
99093.3
99493.1
99918.6
99957.211
99957.6
100080.211
100080.6
100096.211
100096.6
100368.211
100368.6
100522.211
100522.6
100605.211
100605.6
100750.211
100750.6
100944.211
100944.6
101172.211
101172.6
101336.211
101336.6
101525.211
101525.6
101596.211
101596.6
101670.211
101670.6
101895.211
101895.6
101926.211
101926.6
102036.211
102036.6
102134.211
102134.6
102222.4
102227.5
102318.211
102318.6
102331.211
102331.6
102463.211
102463.6
102825.6
102826.212
102868.2
102868.4
103068.2
103086.5
103184.4
103187.5
103311.4
103331.5
103346.4
103352.5
103468.3
103868.1
104725.6
104750.211
104750.6
105046.211
105046.6
105058.211
105058.6
105188.211
105188.6
105347.211
105347.6
105362.211
105362.6
105634.211
105634.6
105696.211
105696.6
105908.211
105908.6
105981.211
105981.6
106111.211
106111.6
106237.211
106237.6
106323.211
106323.6
106712.6
106713.212
106763.2
106763.4
106963.2
106975.5
107363.3
107763.1
107965.6
108454.6
108455.212
108506.2
108506.4
108706.2
108731.5
109106.3
109506.1
110258.6
110433.211
110433.6
110718.211
110718.6
111235.6
111236.212
111291.2
111291.4
111491.2
111511.5
111891.3
112291.1
112418.6
112751.6
112752.212
112804.2
112804.4
113004.2
113011.5
113404.3
113804.1
114456.6
114553.211
114553.6
114670.211
114670.6
114770.211
114770.6
114855.211
114855.6
115097.211
115097.6
115144.211
115144.6
115279.211
115279.6
115603.6
115604.212
115651.2
115651.4
115851.2
115860.5
115863.4
115866.5
116251.3
116651.1
117924.6
118084.211
118084.6
118164.211
118164.6
118239.211
118239.6
118302.211
118302.6
118446.211
118446.6
118458.211
118458.6
118623.211
118623.6
118677.211
118677.6
118799.211
118799.6
119040.211
119040.6
119101.211
119101.6
119244.211
119244.6
119317.211
119317.6
119432.211
119432.6
119526.211
119526.6
119609.211
119609.6
119681.211
119681.6
119794.211
119794.6
119952.211
119952.6
120201.211
120201.6
120320.211
120320.6
120433.211
120433.6
120612.211
120612.6
120678.211
120678.6
120876.211
120876.6
121063.211
121063.6
121151.211
121151.6
121700.6
121701.212
121749.2
121749.4
121949.2
121982.5
122349.3
122749.1
124213.6
124324.211
124324.6
124351.211
124351.6
124458.211
124458.6
125000.6
125001.212
125065.2
125065.4
125265.2
125286.5
125665.3
125707.8
126065.1
127151.6
127282.211
127282.6
127379.211
127379.6
127609.211
127609.6
127638.211
127638.6
127719.211
127719.6
127880.211
127880.6
127993.211
127993.6
128037.211
128037.6
128113.211
128113.6
128129.211
128129.6
128181.211
128181.6
128323.211
128323.6
128349.211
128349.6
128382.211
128382.6
128563.211
128563.6
128588.211
128588.6
128823.211
128823.6
129072.211
129072.6
129082.211
129082.6
129136.211
129136.6
129300.211
129300.6
129414.211
129414.6
129542.211
129542.6
129671.211
129671.6
129781.211
129781.6
129897.211
129897.6
130114.211
130114.6
130222.211
130222.6
130351.211
130351.6
131132.6
131133.212
131184.2
131184.4
131384.2
131408.5
131784.3
132184.1
133116.6
133343.211
133343.6
133419.211
133419.6
133669.211
133669.6
133865.211
133865.6
133933.211
133933.6
134109.211
134109.6
134128.211
134128.6
134195.211
134195.6
134296.211
134296.6
134327.211
134327.6
134632.6
134633.212
134690.2
134690.4
134890.2
134903.5
134904.4
134905.5
135290.3
135690.1
136188.6
136196.211
136196.6
136274.211
136274.6
136520.211
136520.6
136847.6
136848.212
136911.2
136911.4
137111.2
137116.5
137511.3
137911.1
138206.6
138217.211
138217.6
138308.211
138308.6
138554.211
138554.6
138577.211
138577.6
138662.211
138662.6
138778.211
138778.6
138992.211
138992.6
139052.211
139052.6
139137.211
139137.6
139278.211
139278.6
139301.211
139301.6
139480.211
139480.6
139788.6
139789.212
139840.2
139840.4
140040.2
140045.5
140440.3
140840.1
144152.6
144337.211
144337.6
144618.211
144618.6
144855.211
144855.6
144994.211
144994.6
145143.211
145143.6
145369.211
145369.6
145538.211
145538.6
145548.211
145548.6
145682.211
145682.6
145863.211
145863.6
145916.211
145916.6
145997.211
145997.6
146147.211
146147.6
146315.211
146315.6
146471.211
146471.6
146660.211
146660.6
146883.211
146883.6
147209.6
147210.212
147260.2
147260.4
147460.2
147493.5
147860.3
148260.1
149019.6
149381.6
149382.212
149459.2
149459.4
149659.2
149665.5
150059.3
150459.1
150778.6
150995.211
150995.6
151060.211
151060.6
151181.211
151181.6
151442.211
151442.6
151567.211
151567.6
151693.211
151693.6
151981.211
151981.6
152061.211
152061.6
152200.211
152200.6
152221.211
152221.6
152645.6
152646.212
152695.2
152695.4
152895.2
152928.5
153295.3
153695.1
154382.6
154620.211
154620.6
154646.211
154646.6
154744.211
154744.6
154821.211
154821.6
154943.211
154943.6
155007.211
155007.6
155117.211
155117.6
155185.211
155185.6
155341.211
155341.6
155472.211
155472.6
155516.211
155516.6
156052.6
156053.212
156134.2
156134.4
156334.2
156357.5
156734.3
157012.4
157054.5
157060.4
157085.5
157087.4
157121.5
157134.1
157334.6
157408.211
157408.6
157503.211
157503.6
157528.211
157528.6
157791.211
157791.6
157868.211
157868.6
158102.211
158102.6
158113.211
158113.6
158223.211
158223.6
158371.211
158371.6
158540.211
158540.6
158770.211
158770.6
159077.6
159078.212
159134.2
159134.4
159334.2
159343.5
159734.3
160134.1
161313.6
161421.211
161421.6
161549.211
161549.6
161716.211
161716.6
161934.211
161934.6
162157.211
162157.6
162241.211
162241.6
162374.211
162374.6
162385.211
162385.6
162524.211
162524.6
162579.211
162579.6
162770.211
162770.6
162966.211
162966.6
163073.211
163073.6
163195.211
163195.6
163511.6
163512.212
163579.2
163579.4
163779.2
163794.5
164179.3
164579.1
166391.6
166483.211
166483.6
166507.211
166507.6
166544.211
166544.6
167059.6
167060.212
167120.2
167120.4
167320.2
167336.5
167681.4
167695.5
167701.4
167716.5
167719.4
167720.3
168026.5
168120.1
169030.6
169254.211
169254.6
169360.211
169360.6
169503.211
169503.6
169704.211
169704.6
169788.211
169788.6
169889.211
169889.6
170028.211
170028.6
170229.211
170229.6
170496.211
170496.6
170666.211
170666.6
170791.211
170791.6
170896.211
170896.6
171035.211
171035.6
171125.211
171125.6
171165.211
171165.6
171808.6
171809.212
171864.2
171864.4
172064.2
172079.5
172464.3
172864.1
173295.6
173847.6
173848.212
173903.2
173903.4
174103.2
174112.5
174503.3
174903.1
179207.6
179219.211
179219.6
179288.211
180000.9
123456789
4
10
17
4
10
17
0
0
0
6
14
19
37
14
52
37
6
2
1342
0
0
0
314159265
61
1
132
180000
314159265
0.1
243.6
410.211
410.6
852.6
853.212
899.2
899.4
1099.2
1144.5
1197.4
1211.5
1218.4
1227.5
1231.4
1306.5
1308.4
1318.5
1320.4
1356.5
1499.3
1712.6
1899.1
2195.6
2398.211
2398.6
2603.211
2603.6
2614.211
2614.6
2954.6
2955.212
3005.2
3005.4
3205.2
3239.5
3605.3
4005.1
4443.6
4571.211
4571.6
4752.211
4752.6
4851.211
4851.6
4982.211
4982.6
5199.211
5199.6
5219.211
5219.6
5532.6
5533.212
5600.2
5600.4
5800.2
5849.5
5853.4
5867.5
5881.4
5905.5
5907.4
5971.5
6200.3
6314.4
6326.5
6600.1
6971.6
7078.211
7078.6
7229.211
7229.6
7499.211
7499.6
7521.211
7521.6
7713.211
7713.6
7962.211
7962.6
7974.211
7974.6
8497.6
8498.212
8551.2
8551.4
8751.2
8797.5
8856.4
8894.5
9151.3
9467.6
9551.1
9934.6
10029.211
10029.6
10393.6
10394.212
10445.2
10445.4
10645.2
10660.5
10777.4
10861.5
11045.3
11445.1
11948.6
12071.211
12071.6
12321.211
12321.6
12400.211
12400.6
12639.211
12639.6
13174.6
13175.212
13224.2
13224.4
13424.2
13430.5
13824.3
14224.1
14576.6
14724.211
14724.6
14878.211
14878.6
15125.211
15125.6
15314.211
15314.6
15512.211
15512.6
15911.6
15912.212
15971.2
15971.4
16169.5
16171.2
16172.4
16174.5
16571.3
16971.1
17886.6
17977.211
17977.6
18301.6
18302.212
18363.2
18363.4
18563.2
18566.5
18963.3
19363.1
19981.6
20035.211
20035.6
20141.211
20141.6
20310.211
20310.6
20493.211
20493.6
20566.211
20566.6
20985.6
20986.212
21061.2
21061.4
21261.2
21267.5
21661.3
21672.4
21782.5
22061.1
22326.6
22380.211
22380.6
22715.6
22716.212
22765.2
22765.4
22965.2
22979.5
23365.3
23765.1
24150.6
24303.211
24303.6
24317.211
24317.6
24504.211
24504.6
24558.211
24558.6
25059.6
25060.212
25106.2
25106.4
25306.2
25335.5
25424.4
25426.5
25706.3
26106.1
26191.6
26336.211
26336.6
26542.211
26542.6
26715.211
26715.6
26933.211
26933.6
27251.6
27252.212
27296.2
27296.4
27496.2
27511.5
27896.3
28296.1
28360.4
28367.5
28370.4
28407.5
28623.6
28804.211
28804.6
28880.211
28880.6
29058.211
29058.6
29285.211
29285.6
29377.211
29377.6
29527.211
29527.6
30117.6
30118.212
30160.2
30160.4
30360.2
30380.5
30383.4
30385.5
30760.3
31160.1
31564.6
31781.211
31781.6
32033.211
32033.6
32267.211
32267.6
32356.211
32356.6
32524.211
32524.6
32662.211
32662.6
32939.211
32939.6
33118.211
33118.6
33385.211
33385.6
33571.211
33571.6
33955.6
33956.212
34002.2
34002.4
34202.2
34221.5
34602.3
35002.1
36010.6
36098.211
36098.6
36308.211
36308.6
36436.211
36436.6
36801.6
36802.212
36856.2
36856.4
37056.2
37062.5
37270.4
37305.5
37456.3
37856.1
38263.6
38338.211
38338.6
38552.211
38552.6
38725.211
38725.6
38956.211
38956.6
39048.211
39048.6
39163.211
39163.6
39332.211
39332.6
39473.211
39473.6
39936.6
39937.212
39980.2
39980.4
40180.2
40202.5
40580.3
40980.1
41987.6
42116.211
42116.6
42263.211
42263.6
42539.211
42539.6
42907.6
42908.212
42960.2
42960.4
43160.2
43160.5
43560.3
43960.1
44316.6
44447.211
44447.6
44627.211
44627.6
44773.211
44773.6
45067.211
45067.6
45215.211
45215.6
45686.6
45687.212
45738.2
45738.4
45938.2
45951.5
45952.4
45956.5
46192.4
46239.5
46338.3
46738.1
46902.6
47561.6
47562.212
47614.2
47614.4
47812.5
47814.2
48214.3
48614.1
48713.6
48866.211
48866.6
49071.211
49071.6
49425.6
49426.212
49476.2
49476.4
49676.2
49691.5
49932.4
50023.5
50076.3
50476.1
50566.6
50769.211
50769.6
51160.6
51161.212
51215.2
51215.4
51415.2
51417.5
51551.4
51556.5
51815.3
52215.1
52863.6
53113.211
53113.6
53237.211
53237.6
53490.211
53490.6
53896.6
53897.212
53950.2
53950.4
54150.2
54152.5
54550.3
54950.1
57327.6
57489.211
57489.6
57562.211
57562.6
57690.211
57690.6
57751.211
57751.6
57883.211
57883.6
57893.211
57893.6
58662.6
58663.212
58714.2
58714.4
58914.2
58928.5
59314.3
59714.1
59919.6
60254.6
60255.212
60311.2
60311.4
60511.2
60533.5
60911.3
60959.4
61023.5
61311.1
61943.6
62174.211
62174.6
62566.6
62567.212
62619.2
62619.4
62819.2
62836.5
63219.3
63619.1
64081.6
64192.211
64192.6
64418.211
64418.6
64818.6
64819.212
64874.2
64874.4
65074.2
65091.5
65474.3
65874.1
66000.6
66065.211
66065.6
66691.6
66692.212
66749.2
66749.4
66949.2
66952.5
67349.3
67357.4
67412.5
67749.1
67769.4
67889.5
67892.4
67963.5
68252.6
68669.6
68670.212
68724.2
68724.4
68924.2
68949.5
69324.3
69618.4
69649.5
69724.1
70015.4
70017.5
70083.4
70101.5
70110.4
70136.5
70143.4
70154.5
70391.6
70586.211
70586.6
70676.211
70676.6
70910.211
70910.6
71013.211
71013.6
71084.211
71084.6
71233.211
71233.6
71246.211
71246.6
71288.211
71288.6
71616.6
71617.212
71669.2
71669.4
71869.2
71890.5
71891.4
71895.5
72269.3
72347.4
72384.5
72669.1
72708.6
72837.211
72837.6
72863.211
72863.6
72934.211
72934.6
73065.211
73065.6
73082.211
73082.6
73140.211
73140.6
73343.211
73343.6
73406.211
73406.6
73457.211
73457.6
73644.211
73644.6
73827.211
73827.6
73918.211
73918.6
74137.211
74137.6
74495.6
74496.212
74556.2
74556.4
74747.5
74756.2
75156.3
75556.1
75731.6
75954.211
75954.6
76111.211
76111.6
76214.211
76214.6
76974.6
76975.212
77021.2
77021.4
77221.2
77232.5
77621.3
78021.1
78477.6
78589.211
78589.6
78982.6
78983.212
79033.2
79033.4
79233.2
79251.5
79256.4
79257.5
79633.3
79839.6
80033.1
80198.6
80326.211
80326.6
80605.211
80605.6
81171.6
81172.212
81230.2
81230.4
81430.2
81442.5
81830.3
82230.1
83324.6
83559.211
83559.6
83771.211
83771.6
83818.211
83818.6
84078.211
84078.6
84393.6
84394.212
84459.2
84459.4
84659.2
84676.5
85059.3
85459.1
86317.6
86356.211
86356.6
86553.211
86553.6
86592.211
86592.6
86747.211
86747.6
86895.211
86895.6
86925.211
86925.6
87113.211
87113.6
87440.6
87441.212
87501.2
87501.4
87701.2
87704.5
87934.4
88035.5
88101.3
88501.1
88932.4
88947.5
88972.4
88994.5
88998.4
89005.5
89031.4
89078.5
89509.6
89832.6
89833.212
89881.2
89881.4
90081.2
90102.5
90142.4
90143.5
90481.3
90881.1
91021.6
91296.211
91296.6
91453.211
91453.6
92067.6
92068.212
92120.2
92120.4
92320.2
92339.5
92720.3
93120.1
93570.6
93951.6
93952.212
93992.2
93992.4
94192.2
94220.5
94592.3
94992.1
96374.6
96702.6
96703.212
96762.2
96762.4
96962.2
96988.5
97362.3
97762.1
100043.6
100305.211
100305.6
100348.211
100348.6
100416.211
100416.6
100591.211
100591.6
100661.211
100661.6
100861.211
100861.6
100929.211
100929.6
101141.211
101141.6
101350.211
101350.6
101428.211
101428.6
101784.6
101785.212
101796.6
101841.2
101841.4
102041.2
102060.5
102441.3
102841.1
103448.6
103510.211
103510.6
103620.211
103620.6
103667.211
103667.6
103747.211
103747.6
103820.211
103820.6
103995.211
103995.6
104052.211
104052.6
104124.211
104124.6
104362.211
104362.6
104518.211
104518.6
104573.211
104573.6
105236.6
105237.212
105282.2
105282.4
105482.2
105511.5
105882.3
106138.8
106282.1
106643.4
106645.5
106648.4
106650.5
106674.4
106675.5
106678.4
106681.5
106838.6
106974.211
106974.6
107334.6
107335.212
107394.2
107394.4
107594.2
107598.5
107994.3
108394.1
108558.6
108661.211
108661.6
108914.211
108914.6
109066.211
109066.6
109122.211
109122.6
109284.211
109284.6
109362.211
109362.6
109511.211
109511.6
109757.211
109757.6
109807.211
109807.6
109933.211
109933.6
110030.211
110030.6
110165.211
110165.6
110178.211
110178.6
110426.211
110426.6
110631.211
110631.6
110725.211
110725.6
110881.211
110881.6
111021.211
111021.6
111308.211
111308.6
111373.211
111373.6
111609.211
111609.6
111703.211
111703.6
111755.211
111755.6
111858.211
111858.6
111933.211
111933.6
112100.211
112100.6
112306.211
112306.6
112368.211
112368.6
112516.211
112516.6
112577.211
112577.6
112764.211
112764.6
112939.211
112939.6
113202.211
113202.6
113393.211
113393.6
113710.6
113711.212
113765.2
113765.4
113965.2
113997.5
114208.4
114230.5
114365.3
114765.1
116861.6
116919.211
116919.6
117136.211
117136.6
117414.211
117414.6
117871.6
117872.212
117923.2
117923.4
118123.2
118153.5
118155.4
118158.5
118160.4
118162.5
118523.3
118923.1
119316.6
119419.211
119419.6
119718.211
119718.6
119901.211
119901.6
120033.211
120033.6
120404.6
120405.212
120453.2
120453.4
120653.2
120693.5
120694.4
120696.5
120920.4
120929.5
120935.4
120957.5
121027.4
121053.3
121080.5
121084.4
121179.5
121258.4
121302.5
121453.1
122797.6
122854.211
122854.6
122997.211
122997.6
123054.211
123054.6
123127.211
123127.6
123262.211
123262.6
123537.211
123537.6
123566.211
123566.6
123917.6
123918.212
123972.2
123972.4
124172.2
124198.5
124572.3
124972.1
125417.6
125534.211
125534.6
125795.211
125795.6
125869.211
125869.6
126149.211
126149.6
126405.211
126405.6
126564.211
126564.6
126779.211
126779.6
126835.211
126835.6
127024.211
127024.6
127086.211
127086.6
127290.211
127290.6
127332.211
127332.6
127506.211
127506.6
127724.211
127724.6
127771.211
127771.6
128014.211
128014.6
128065.211
128065.6
128370.6
128371.212
128425.2
128425.4
128625.2
128640.5
129025.3
129425.1
130718.6
130796.211
130796.6
130884.211
130884.6
131535.6
131536.212
131585.2
131585.4
131785.2
131811.5
132185.3
132585.1
135029.6
135176.211
135176.6
135258.211
135258.6
135862.6
135863.212
135916.2
135916.4
136116.2
136142.5
136516.3
136916.1
137620.6
137692.211
137692.6
137816.211
137816.6
138221.6
138222.212
138269.2
138269.4
138469.2
138488.5
138869.3
139269.1
139956.6
140188.211
140188.6
140232.211
140232.6
140402.211
140402.6
140464.211
140464.6
140981.6
140982.212
141025.2
141025.4
141225.2
141249.5
141380.4
141382.5
141625.3
142025.1
142449.6
142463.211
142463.6
142658.211
142658.6
142771.211
142771.6
142939.211
142939.6
143016.211
143016.6
143181.211
143181.6
143420.211
143420.6
143482.211
143482.6
143560.211
143560.6
143593.211
143593.6
143798.211
143798.6
143843.211
143843.6
143942.211
143942.6
144157.211
144157.6
144260.211
144260.6
144455.211
144455.6
144509.211
144509.6
144570.211
144570.6
144695.211
144695.6
144747.211
144747.6
144853.211
144853.6
145061.211
145061.6
145118.211
145118.6
145264.211
145264.6
145391.211
145391.6
145617.211
145617.6
146169.6
146170.212
146223.2
146223.4
146423.2
146447.5
146823.3
147223.1
148101.6
148165.211
148165.6
148482.6
148483.212
148535.2
148535.4
148735.2
148766.5
148891.4
148895.5
148896.4
148899.5
149110.4
149135.3
149150.5
149535.1
150320.6
150849.6
150850.212
150902.2
150902.4
151102.2
151127.5
151410.4
151502.3
151559.5
151902.1
152619.6
152838.211
152838.6
152902.211
152902.6
153073.211
153073.6
153124.211
153124.6
153306.211
153306.6
153390.211
153390.6
153526.211
153526.6
153817.211
153817.6
153870.211
153870.6
154075.211
154075.6
154135.211
154135.6
154385.211
154385.6
154571.211
154571.6
154918.6
154919.212
154971.2
154971.4
155171.2
155182.5
155571.3
155971.1
156631.6
156788.211
156788.6
157031.211
157031.6
157191.211
157191.6
157364.211
157364.6
157536.211
157536.6
157574.211
157574.6
157742.211
157742.6
157753.211
157753.6
157986.211
157986.6
158039.211
158039.6
158276.211
158276.6
158340.211
158340.6
158573.211
158573.6
159305.6
159306.212
159355.2
159355.4
159555.2
159587.5
159590.4
159591.5
159828.4
159847.5
159955.3
159976.4
160004.5
160355.1
161715.6
161794.211
161794.6
162005.211
162005.6
162075.211
162075.6
162235.211
162235.6
162297.211
162297.6
162687.6
162688.212
162734.2
162734.4
162934.2
162964.5
163079.4
163085.5
163334.3
163346.4
163367.5
163370.4
163378.5
163389.4
163432.5
163462.4
163492.5
163501.4
163548.5
163734.1
165219.4
165260.5
165286.4
165295.5
165399.6
165455.211
165455.6
165806.6
165807.212
165851.2
165851.4
166051.2
166075.5
166332.4
166444.5
166451.3
166851.1
167494.6
167646.211
167646.6
167735.211
167735.6
167870.211
167870.6
167917.211
167917.6
168071.211
168071.6
168260.211
168260.6
168447.211
168447.6
168498.211
168498.6
168544.211
168544.6
168871.6
168872.212
168919.2
168919.4
169119.2
169124.5
169519.3
169919.1
172783.6
172996.211
172996.6
173063.211
173063.6
173274.211
173274.6
173330.211
173330.6
173468.211
173468.6
173687.211
173687.6
173742.211
173742.6
173896.211
173896.6
173943.211
173943.6
174451.6
174452.212
174504.2
174504.4
174704.2
174741.5
175104.3
175351.4
175387.5
175504.1
176446.6
176799.6
176800.212
176852.2
176852.4
177052.2
177097.5
177452.3
177852.1
178006.6
178280.211
178280.6
178346.211
178346.6
178561.211
178561.6
178647.211
178647.6
178857.211
178857.6
179007.211
179007.6
179109.211
179109.6
179168.211
179168.6
179348.211
179348.6
179415.211
179415.6
179550.211
179550.6
179594.211
179594.6
179792.211
179792.6
179990.211
180000.9
123456789
