4
07
17
4
07
17
0
0
0
7
14
25
00
14
58
00
6
2
1764
0
0
0
314159265
67
734
130
180000
314159265
0.1
96.8
218.211
218.8
318.211
318.8
343.211
343.8
437.211
437.8
543.211
543.8
577.211
577.8
778.211
778.8
788.211
788.8
878.211
878.8
957.4
992.5
1046.211
1046.8
1054.211
1054.8
1174.4
1180.5
1226.211
1226.8
1263.211
1263.8
1310.211
1310.8
1446.211
1446.8
1454.211
1454.8
1737.4
1811.5
1878.8
1955.2
1955.4
2155.3
2252.5
2902.8
2955.1
3097.8
3108.211
3108.8
3129.211
3129.8
3160.211
3160.8
3174.211
3174.8
3187.211
3187.8
3296.211
3296.8
3710.8
3769.2
3769.4
3969.3
4028.5
4584.8
4605.8
4769.1
4784.8
4965.211
4965.8
4989.211
4989.8
5100.211
5100.8
5196.211
5196.8
5232.211
5232.8
5243.211
5243.8
5703.8
5772.2
5772.4
5972.3
6023.5
6447.4
6459.5
6556.8
6565.8
6617.8
6748.8
6772.1
7072.8
7103.211
7103.8
7111.211
7111.8
7193.211
7193.8
7233.211
7233.8
7248.211
7248.8
7538.211
7538.8
7542.211
7542.8
7547.211
7547.8
7555.211
7555.8
7589.211
7589.8
7605.211
7605.8
7619.211
7619.8
7748.211
7748.8
7774.211
7774.8
7988.211
7988.8
8015.211
8015.8
8161.211
8161.8
8369.211
8369.8
8533.211
8533.8
8559.211
8559.8
8606.211
8606.8
8611.211
8611.8
8632.211
8632.8
8659.211
8659.8
9264.8
9318.2
9318.4
9518.3
9578.5
10318.1
10529.8
10547.211
10547.8
10551.211
10551.8
10565.211
10565.8
10595.211
10595.8
10731.211
10731.8
10779.211
10779.8
10947.211
10947.8
10957.211
10957.8
10962.211
10962.8
11001.211
11001.8
11710.8
11759.2
11759.4
11959.3
12006.5
12759.1
12979.8
13004.211
13004.8
13252.211
13252.8
13275.211
13275.8
13280.211
13280.8
13395.211
13395.8
13424.211
13424.8
13464.211
13464.8
13495.211
13495.8
13847.8
13905.2
13905.4
14105.3
14171.5
14648.8
14682.8
14905.1
15292.8
15300.211
15300.8
15305.211
15305.8
15318.211
15318.8
15350.211
15350.8
15372.211
15372.8
15512.211
15512.8
15539.211
15539.8
15879.8
15933.2
15933.4
16133.3
16192.5
16933.1
17250.8
17282.211
17282.8
17572.211
17572.8
17580.211
17580.8
17591.211
17591.8
17741.211
17741.8
17769.211
17769.8
17809.211
17809.8
17914.211
17914.8
18857.8
18865.8
18919.2
18919.4
19119.3
19161.5
19496.4
19592.5
19663.4
19771.5
19919.1
19963.8
19990.211
19990.8
20017.211
20017.8
20040.211
20040.8
20346.8
20417.2
20417.4
20617.3
20646.5
21417.1
21504.8
21508.211
21508.8
21512.211
21512.8
21535.211
21535.8
21674.211
21674.8
21687.211
21687.8
21707.211
21707.8
21903.211
21903.8
21917.211
21917.8
21921.211
21921.8
21971.211
21971.8
22106.211
22106.8
22148.211
22148.8
22154.211
22154.8
22244.211
22244.8
23134.8
23193.2
23193.4
23393.3
23442.5
24193.1
24477.8
24509.211
24509.8
24663.211
24663.8
24696.211
24696.8
24719.211
24719.8
24725.211
24725.8
24763.211
24763.8
25000.211
25000.8
25006.211
25006.8
25027.211
25027.8
25068.211
25068.8
25169.4
25196.5
25257.211
25257.8
25283.211
25283.8
25308.211
25308.8
25364.211
25364.8
25423.211
25423.8
25739.8
25789.2
25789.4
25989.3
26032.5
26789.1
27143.8
27195.211
27195.8
27228.211
27228.8
27410.211
27410.8
28202.8
28206.8
28265.2
28265.4
28465.3
28505.5
28510.4
28515.5
29265.1
29525.8
29626.211
29626.8
29698.211
29698.8
29846.211
29846.8
29872.211
29872.8
30438.8
30492.2
30492.4
30692.3
30750.5
31492.1
31764.8
31879.211
31879.8
31884.211
31884.8
31918.211
31918.8
31963.211
31963.8
32129.211
32129.8
32232.211
32232.8
32246.211
32246.8
32265.211
32265.8
32299.211
32299.8
32477.211
32477.8
32860.8
32911.2
32911.4
33111.3
33179.5
33194.4
33225.5
33911.1
34096.8
34573.8
34625.2
34625.4
34825.3
34879.5
35024.4
35045.5
35625.1
35877.8
35888.211
35888.8
35913.211
35913.8
36000.211
36000.8
36087.211
36087.8
36177.4
36212.5
36274.211
36274.8
36502.211
36502.8
36527.211
36527.8
36552.211
36552.8
36943.8
37007.2
37007.4
37207.3
37232.5
38007.1
38421.8
38498.211
38498.8
38538.211
38538.8
38597.211
38597.8
38599.211
38599.8
38607.211
38607.8
38760.211
38760.8
38792.211
38792.8
38838.211
38838.8
38873.211
38873.8
38880.211
38880.8
39148.4
39171.5
39474.8
39526.2
39526.4
39726.3
39770.5
40526.1
41025.8
41045.211
41045.8
41092.211
41092.8
41232.211
41232.8
41379.211
41379.8
41404.211
41404.8
41636.211
41636.8
41656.211
41656.8
41699.211
41699.8
41868.211
41868.8
41911.211
41911.8
42020.211
42020.8
42089.211
42089.8
42319.4
42345.5
42402.8
42469.2
42469.4
42669.3
42719.5
43469.1
43584.8
43601.211
43601.8
43690.211
43690.8
43802.211
43802.8
43836.211
43836.8
44058.211
44058.8
44188.211
44188.8
44219.211
44219.8
44254.211
44254.8
44262.211
44262.8
44302.211
44302.8
44350.211
44350.8
44626.211
44626.8
44662.211
44662.8
44731.211
44731.8
44810.211
44810.8
44911.211
44911.8
45537.8
45600.2
45600.4
45800.3
45839.5
45841.4
45842.5
46600.1
47214.8
47229.211
47229.8
47621.8
47686.2
47686.4
47886.3
47919.5
47924.4
47926.5
48053.4
48058.5
48061.4
48155.5
48225.4
48227.5
48235.4
48263.5
48686.1
48975.8
48996.211
48996.8
49014.211
49014.8
49137.211
49137.8
49324.211
49324.8
49637.8
49693.2
49693.4
49893.3
49940.5
50069.4
50089.5
50693.1
50849.8
50882.211
50882.8
51039.211
51039.8
51071.211
51071.8
51575.8
51634.2
51634.4
51834.3
51885.5
52634.1
52870.8
53097.211
53097.8
53363.211
53363.8
53433.211
53433.8
53573.211
53573.8
53892.8
53948.2
53948.4
54148.3
54182.5
54184.4
54187.5
54367.4
54399.5
54948.1
55107.8
55244.211
55244.8
55267.211
55267.8
55387.211
55387.8
55827.8
55892.2
55892.4
56092.3
56106.5
56892.1
57023.8
57062.211
57062.8
57202.211
57202.8
57209.211
57209.8
57229.211
57229.8
57320.211
57320.8
57522.211
57522.8
57533.211
57533.8
57620.211
57620.8
57646.211
57646.8
57714.211
57714.8
57922.211
57922.8
58154.211
58154.8
58864.8
58918.2
58918.4
59118.3
59167.5
59821.4
59853.5
59918.1
59938.8
59955.211
59955.8
59978.211
59978.8
60184.211
60184.8
60305.211
60305.8
60335.211
60335.8
60438.211
60438.8
60938.8
60996.2
60996.4
61196.3
61242.5
61543.4
61586.5
61747.8
61790.8
61800.8
61996.1
63112.8
63232.211
63232.8
63350.211
63350.8
63483.211
63483.8
63494.211
63494.8
63586.211
63586.8
63761.211
63761.8
64042.211
64042.8
64114.211
64114.8
64183.4
64256.5
64293.4
64324.5
64402.211
64402.8
64460.4
64932.5
64943.4
65170.5
65171.4
65211.5
65387.8
65458.2
65458.4
65658.3
65700.5
65909.4
65932.5
66458.1
66640.8
66654.211
66654.8
66667.211
66667.8
66731.211
66731.8
66861.211
66861.8
66915.4
67040.5
67128.211
67128.8
67196.4
67247.5
67347.211
67347.8
67470.211
67470.8
67475.211
67475.8
67622.211
67622.8
67642.211
67642.8
67750.4
67775.5
67840.211
67840.8
67852.211
67852.8
67871.211
67871.8
68012.4
68025.5
68175.8
68240.2
68240.4
68440.3
68486.5
68676.4
68698.5
69030.8
69240.1
69497.8
69686.211
69686.8
70010.8
70063.2
70063.4
70263.3
70330.5
71063.1
71325.8
71342.211
71342.8
71435.211
71435.8
71472.211
71472.8
71992.8
72052.2
72052.4
72252.3
72290.5
73052.1
73057.4
73066.5
73149.8
73164.211
73164.8
73168.211
73168.8
73200.211
73200.8
73232.211
73232.8
73276.211
73276.8
73440.211
73440.8
73470.211
73470.8
73526.211
73526.8
73600.211
73600.8
74807.8
74812.8
74862.2
74862.4
75062.3
75118.5
75385.4
75398.5
75862.1
76099.8
76180.211
76180.8
76377.211
76377.8
76530.211
76530.8
76705.211
76705.8
76719.211
76719.8
76840.211
76840.8
77289.8
77348.2
77348.4
77548.3
77590.5
78348.1
78359.8
78383.211
78383.8
78463.211
78463.8
78494.211
78494.8
78650.211
78650.8
78661.211
78661.8
78924.211
78924.8
78955.211
78955.8
78983.211
78983.8
79019.211
79019.8
79470.8
79477.8
79528.2
79528.4
79728.3
79777.5
80528.1
80747.8
80824.211
80824.8
80833.211
80833.8
80866.211
80866.8
80877.211
80877.8
81010.211
81010.8
81037.211
81037.8
81124.211
81124.8
81173.211
81173.8
81197.211
81197.8
81473.211
81473.8
81496.211
81496.8
81576.211
81576.8
82370.8
82439.2
82439.4
82639.3
82686.5
83439.1
83885.8
83904.211
83904.8
84229.8
84287.2
84287.4
84487.3
84535.5
84743.8
84862.8
84947.8
85013.8
85035.8
85170.8
85287.1
85306.8
85355.211
85355.8
85365.211
85365.8
85401.211
85401.8
85488.211
85488.8
85545.211
85545.8
85760.211
85760.8
85933.211
85933.8
85955.211
85955.8
86138.211
86138.8
86614.8
86671.2
86671.4
86871.3
86918.5
87037.4
87058.5
87671.1
87791.8
87807.211
87807.8
87838.211
87838.8
88035.211
88035.8
88052.211
88052.8
88099.211
88099.8
88137.211
88137.8
88640.8
88705.2
88705.4
88905.3
88944.5
89705.1
90203.8
90205.211
90205.8
90436.211
90436.8
90475.211
90475.8
90571.211
90571.8
90638.211
90638.8
90817.211
90817.8
90871.211
90871.8
90890.211
90890.8
90996.211
90996.8
91537.8
91602.2
91602.4
91802.3
91841.5
92054.4
92068.5
92602.1
92891.8
93022.211
93022.8
93270.211
93270.8
93317.211
93317.8
93500.211
93500.8
93520.211
93520.8
93556.211
93556.8
93959.8
94014.2
94014.4
94214.3
94266.5
94513.8
94520.8
94533.8
95014.1
95427.8
95678.211
95678.8
95780.211
95780.8
96159.8
96164.8
96219.2
96219.4
96419.3
96476.5
96705.4
96707.5
96723.4
96724.5
96790.4
96813.5
96829.4
96837.5
96841.4
96954.5
97087.4
97109.5
97219.1
97247.8
97293.211
97293.8
97405.211
97405.8
97666.211
97666.8
97673.211
97673.8
97700.211
97700.8
97775.211
97775.8
97829.211
97829.8
97919.211
97919.8
98231.8
98323.2
98323.4
98523.3
98575.5
99323.1
99722.8
99724.211
99724.8
99738.211
99738.8
99771.211
99771.8
99807.211
99807.8
99856.211
99856.8
100067.211
100067.8
100076.211
100076.8
100100.211
100100.8
100345.211
100345.8
100367.211
100367.8
100529.211
100529.8
100881.8
100943.2
100943.4
101143.3
101194.5
101943.1
102155.8
102368.211
102368.8
102496.211
102496.8
102625.211
102625.8
102660.211
102660.8
102849.4
102868.5
102874.4
102876.5
102931.211
102931.8
103007.211
103007.8
103145.4
103193.5
103253.211
103253.8
103469.211
103469.8
103679.211
103679.8
103708.211
103708.8
103804.211
103804.8
104065.211
104065.8
104403.8
104460.2
104460.4
104660.3
104705.5
105460.1
105560.8
105597.211
105597.8
105627.211
105627.8
105692.211
105692.8
105991.211
105991.8
106203.211
106203.8
106277.211
106277.8
106435.211
106435.8
106541.211
106541.8
106585.211
106585.8
106768.211
106768.8
106772.211
106772.8
106864.211
106864.8
106997.211
106997.8
107512.8
107574.2
107574.4
107774.3
107828.5
108555.8
108574.1
108619.8
108661.211
108661.8
109092.8
109145.2
109145.4
109345.3
109394.5
109523.4
109548.5
110145.1
110469.8
110492.211
110492.8
110540.211
110540.8
110569.211
110569.8
110677.211
110677.8
110776.211
110776.8
110912.211
110912.8
110931.211
110931.8
110962.211
110962.8
111045.211
111045.8
111181.211
111181.8
111331.211
111331.8
111396.211
111396.8
111458.211
111458.8
111646.211
111646.8
112061.8
112125.2
112125.4
112325.3
112377.5
112378.4
112379.5
112605.8
112857.8
113125.1
114171.8
114268.211
114268.8
114448.211
114448.8
114727.211
114727.8
115057.8
115117.2
115117.4
115317.3
115375.5
116117.1
116479.8
116482.211
116482.8
116748.211
116748.8
116791.211
116791.8
116933.211
116933.8
116959.211
116959.8
117225.211
117225.8
117245.211
117245.8
117329.211
117329.8
117424.211
117424.8
117475.211
117475.8
117555.211
117555.8
117605.211
117605.8
117894.211
117894.8
117959.211
117959.8
118452.8
118520.2
118520.4
118720.3
118757.5
119052.8
119124.8
119520.1
119546.8
119562.211
119562.8
119596.211
119596.8
119814.211
119814.8
119846.211
119846.8
120052.211
120052.8
120102.211
120102.8
120227.211
120227.8
120274.211
120274.8
120317.211
120317.8
120625.8
120681.2
120681.4
120881.3
120931.5
121681.1
121968.8
122070.211
122070.8
122168.211
122168.8
122352.211
122352.8
122367.211
122367.8
122397.211
122397.8
122412.211
122412.8
122954.8
123011.2
123011.4
123211.3
123250.5
123468.4
123487.5
124011.1
124089.8
124094.211
124094.8
124107.211
124107.8
124144.211
124144.8
124207.211
124207.8
124336.211
124336.8
124382.211
124382.8
124692.8
124746.2
124746.4
124946.3
125000.5
125746.1
128815.8
128886.211
128886.8
129162.211
129162.8
129461.211
129461.8
129708.211
129708.8
129893.211
129893.8
130099.211
130099.8
130126.211
130126.8
130142.211
130142.8
130150.211
130150.8
130314.211
130314.8
130351.211
130351.8
130583.211
130583.8
130689.211
130689.8
130741.211
130741.8
131070.8
131129.2
131129.4
131329.3
131381.5
132129.1
132746.8
132846.211
132846.8
133046.211
133046.8
133210.211
133210.8
133246.211
133246.8
133284.211
133284.8
133488.211
133488.8
133565.211
133565.8
133689.211
133689.8
133714.211
133714.8
133722.211
133722.8
133863.211
133863.8
134021.211
134021.8
134159.211
134159.8
134180.211
134180.8
134236.211
134236.8
134535.211
134535.8
134558.211
134558.8
134699.211
134699.8
134996.211
134996.8
135079.211
135079.8
135136.211
135136.8
135537.8
135631.2
135631.4
135831.3
135895.5
136631.1
137533.8
137628.211
137628.8
137699.211
137699.8
138089.8
138160.2
138160.4
138163.5
138164.4
138360.3
138405.5
138406.4
138408.5
138803.4
138845.5
139160.1
139369.8
139417.211
139417.8
139690.211
139690.8
139789.211
139789.8
139932.211
139932.8
139987.211
139987.8
140585.8
140643.2
140643.4
140843.3
140884.5
141643.1
142002.8
142075.211
142075.8
142164.211
142164.8
142181.211
142181.8
142415.211
142415.8
142652.211
142652.8
142662.211
142662.8
142877.211
142877.8
143098.211
143098.8
143135.211
143135.8
144876.8
144978.2
144978.4
145178.3
145230.5
145231.4
145232.5
145978.1
145998.8
146184.211
146184.8
146372.4
146389.5
146465.211
146465.8
146717.211
146717.8
146837.211
146837.8
147981.8
147982.8
148048.2
148048.4
148248.3
148305.5
149048.1
149099.8
149127.211
149127.8
149330.211
149330.8
149420.211
149420.8
149698.211
149698.8
149897.211
149897.8
150065.211
150065.8
150200.211
150200.8
150292.211
150292.8
150436.211
150436.8
150440.211
150440.8
150662.211
150662.8
150788.211
150788.8
151558.8
151617.2
151617.4
151817.3
151865.5
152617.1
153377.8
153406.211
153406.8
153440.211
153440.8
153511.211
153511.8
153528.211
153528.8
153661.211
153661.8
153682.211
153682.8
153763.211
153763.8
154000.211
154000.8
154019.211
154019.8
154052.211
154052.8
154105.211
154105.8
154316.211
154316.8
154489.211
154489.8
154589.211
154589.8
155208.8
155283.2
155283.4
155483.3
155535.5
156283.1
156559.4
156573.5
156679.8
156699.211
156699.8
156714.211
156714.8
156750.211
156750.8
156804.211
156804.8
157025.211
157025.8
157044.211
157044.8
157063.211
157063.8
157117.211
157117.8
157167.211
157167.8
157214.211
157214.8
157254.211
157254.8
157363.211
157363.8
157387.211
157387.8
157669.211
157669.8
157739.211
157739.8
158135.8
158205.2
158205.4
158405.3
158472.5
159205.1
159536.8
159583.211
159583.8
159838.211
159838.8
159881.211
159881.8
159891.211
159891.8
159931.211
159931.8
160165.211
160165.8
160493.4
160511.5
160590.8
160654.2
160654.4
160854.3
160906.5
161012.4
161033.5
161051.4
161053.5
161062.4
161064.5
161654.1
162476.8
162498.211
162498.8
162522.211
162522.8
162541.211
162541.8
162707.211
162707.8
162779.211
162779.8
162834.211
162834.8
163060.211
163060.8
163130.211
163130.8
163187.211
163187.8
163232.211
163232.8
163400.211
163400.8
163413.211
163413.8
163497.211
163497.8
163596.211
163596.8
163968.8
164026.2
164026.4
164226.3
164282.5
165026.1
165680.8
165682.211
165682.8
165708.211
165708.8
165768.211
165768.8
166237.8
166297.2
166297.4
166497.3
166531.5
167297.1
167489.8
167494.211
167494.8
167739.211
167739.8
167762.211
167762.8
167791.211
167791.8
168094.8
168172.2
168172.4
168372.3
168401.5
169172.1
169551.8
169958.8
170019.2
170019.4
170219.3
170253.5
171019.1
172265.8
172570.8
172626.2
172626.4
172826.3
172867.5
173059.4
173076.5
173626.1
174125.8
174156.211
174156.8
174200.211
174200.8
174420.211
174420.8
174453.211
174453.8
174503.211
174503.8
174657.211
174657.8
174667.211
174667.8
174741.211
174741.8
174792.211
174792.8
174872.211
174872.8
175058.211
175058.8
175107.211
175107.8
175330.211
175330.8
175361.211
175361.8
175404.211
175404.8
175519.211
175519.8
175528.211
175528.8
175549.211
175549.8
175594.211
175594.8
175619.211
175619.8
176493.8
176572.2
176572.4
176772.3
176811.5
177572.1
178331.8
178343.211
178343.8
178364.211
178364.8
178402.211
178402.8
178408.211
178408.8
178571.211
178571.8
178636.211
178636.8
178668.211
178668.8
178877.211
178877.8
178904.211
178904.8
178931.211
178931.8
178976.211
178976.8
179067.4
179110.5
179178.211
179178.8
179204.211
179204.8
179249.211
179249.8
179401.211
179401.8
179408.211
179408.8
179507.211
179507.8
179597.211
180000.9
123456789
4
08
17
4
08
17
0
0
0
7
14
26
24
14
59
23
6
2
1688
0
0
0
314159265
61
657
119
180000
314159265
0.1
149.8
154.211
154.8
180.211
180.8
225.211
225.8
277.211
277.8
583.8
584.212
644.2
644.4
844.2
917.5
1244.3
1538.8
2044.1
2174.8
2181.211
2181.8
2245.211
2245.8
3294.8
3295.212
3352.2
3352.4
3552.2
3616.5
3952.3
4752.1
4940.8
4947.211
4947.8
4978.211
4978.8
4998.211
4998.8
5059.211
5059.8
5311.211
5311.8
5357.211
5357.8
5453.211
5453.8
5645.211
5645.8
5679.211
5679.8
5711.211
5711.8
5879.211
5879.8
6152.211
6152.8
6395.211
6395.8
6466.211
6466.8
6869.4
6880.5
6885.4
6911.5
6997.8
6998.212
7002.8
7063.2
7063.4
7263.2
7315.5
7663.3
8040.8
8049.8
8463.1
8734.8
8747.211
8747.8
8781.211
8781.8
8802.211
8802.8
9278.8
9279.212
9330.2
9330.4
9530.2
9589.5
9930.3
10489.4
10506.5
10730.1
10750.8
10772.211
10772.8
10823.211
10823.8
10857.211
10857.8
11133.211
11133.8
11150.211
11150.8
11180.211
11180.8
11202.211
11202.8
11284.211
11284.8
11325.211
11325.8
11361.211
11361.8
11524.4
11525.5
11590.211
11590.8
11595.211
11595.8
11844.4
11865.5
11942.8
11943.212
12001.2
12001.4
12201.2
12263.5
12264.4
12265.5
12601.3
13401.1
14279.8
14314.211
14314.8
14375.211
14375.8
14595.211
14595.8
14619.211
14619.8
14644.211
14644.8
14691.211
14691.8
14898.211
14898.8
14936.211
14936.8
15152.211
15152.8
15433.211
15433.8
15841.8
15842.212
15900.2
15900.4
16100.2
16170.5
16500.3
17300.1
17655.4
17660.5
17732.8
17983.4
17989.5
18053.8
18054.212
18059.8
18109.2
18109.4
18309.2
18361.5
18709.3
19509.1
19576.8
20184.8
20185.212
20239.2
20239.4
20439.2
20499.5
20839.3
21639.1
21795.8
21798.211
21798.8
22335.8
22336.212
22341.8
22385.2
22385.4
22585.2
22640.5
22985.3
23488.8
23785.1
23843.8
23892.211
23892.8
23939.211
23939.8
24289.8
24290.212
24345.2
24345.4
24545.2
24602.5
24728.4
24775.5
24945.3
25622.8
25745.1
25924.8
25942.211
25942.8
26002.211
26002.8
26240.211
26240.8
26271.211
26271.8
26437.211
26437.8
26441.211
26441.8
26886.8
26887.212
26942.2
26942.4
27142.2
27197.5
27397.4
27426.5
27477.4
27533.5
27542.3
27976.4
28065.5
28102.4
28103.5
28290.4
28291.5
28309.4
28333.5
28341.4
28342.1
28413.5
28421.4
28441.5
28453.4
28504.5
30107.8
30140.211
30140.8
30338.211
30338.8
30341.211
30341.8
30606.4
30624.5
30712.8
30713.212
30762.2
30762.4
30962.2
31013.5
31362.3
32162.1
32289.8
32306.211
32306.8
32358.211
32358.8
32406.211
32406.8
32704.211
32704.8
32737.211
32737.8
33096.8
33097.212
33221.2
33221.4
33222.5
33226.4
33421.2
33486.5
33821.3
34614.4
34621.1
34642.5
34719.8
34751.211
34751.8
34958.211
34958.8
34996.211
34996.8
35163.211
35163.8
35194.211
35194.8
35213.211
35213.8
35239.211
35239.8
35260.211
35260.8
35400.211
35400.8
35439.211
35439.8
35905.8
35906.212
35967.2
35967.4
36167.2
36212.5
36567.3
36818.8
37367.1
37377.8
37425.211
37425.8
37481.211
37481.8
37517.211
37517.8
37730.211
37730.8
38239.8
38240.212
38244.8
38307.2
38307.4
38507.2
38555.5
38907.3
39356.4
39372.5
39489.8
39593.8
39598.8
39707.1
39724.8
39778.211
39778.8
40005.211
40005.8
40159.211
40159.8
40427.211
40427.8
40482.211
40482.8
40941.8
40942.212
41006.2
41006.4
41206.2
41243.5
41606.3
41659.4
41720.5
42017.8
42052.8
42140.8
42406.1
42583.8
42612.211
42612.8
42639.211
42639.8
42676.211
42676.8
42715.211
42715.8
42742.211
42742.8
42964.211
42964.8
42994.211
42994.8
43149.211
43149.8
43413.211
43413.8
43506.211
43506.8
44064.8
44065.212
44126.2
44126.4
44326.2
44387.5
44726.3
45284.8
45291.8
45356.8
45526.1
45547.8
45608.211
45608.8
46193.8
46194.212
46251.2
46251.4
46451.2
46498.5
46500.4
46501.5
46851.3
47500.4
47524.5
47651.1
47788.8
47792.211
47792.8
47985.211
47985.8
48003.211
48003.8
48212.4
48227.5
48230.4
48237.5
48313.8
48314.212
48318.8
48368.2
48368.4
48568.2
48619.5
48968.3
49768.1
49825.8
49827.211
49827.8
49831.211
49831.8
49892.211
49892.8
49997.211
49997.8
50001.211
50001.8
50148.211
50148.8
50185.211
50185.8
50213.211
50213.8
50492.211
50492.8
50521.211
50521.8
50567.211
50567.8
50890.8
50891.212
50946.2
50946.4
51146.2
51208.5
51546.3
52346.1
52404.8
52411.211
52411.8
52438.211
52438.8
52641.211
52641.8
52654.211
52654.8
52670.211
52670.8
52674.211
52674.8
52702.211
52702.8
52715.211
52715.8
52971.211
52971.8
53192.211
53192.8
53216.211
53216.8
53245.211
53245.8
53256.211
53256.8
53420.211
53420.8
53481.211
53481.8
53575.211
53575.8
53750.211
53750.8
53767.211
53767.8
53773.211
53773.8
53787.211
53787.8
54051.211
54051.8
54085.211
54085.8
54215.211
54215.8
54240.211
54240.8
54259.211
54259.8
54585.8
54586.212
54648.2
54648.4
54848.2
54896.5
54903.4
54904.5
55248.3
55655.4
55683.5
55922.8
55944.8
56048.1
56188.8
56213.211
56213.8
56730.8
56731.212
56795.2
56795.4
56995.2
57041.5
57395.3
58195.1
58251.8
58293.211
58293.8
58303.211
58303.8
58668.8
58669.212
58719.2
58719.4
58919.2
58973.5
59319.3
60119.1
60292.8
60318.211
60318.8
60355.211
60355.8
60857.8
60858.212
60862.8
60911.2
60911.4
61111.2
61160.5
61511.3
62311.1
62862.8
62989.211
62989.8
62994.211
62994.8
63141.211
63141.8
63289.211
63289.8
63701.8
63702.212
63768.2
63768.4
63968.2
64035.5
64043.4
64091.5
64368.3
65168.1
65540.8
65568.211
65568.8
66069.8
66070.212
66138.2
66138.4
66338.2
66380.5
66738.3
67305.8
67538.1
67864.8
67989.211
67989.8
68015.211
68015.8
68037.211
68037.8
68270.211
68270.8
68961.8
68962.212
68967.8
69021.2
69021.4
69221.2
69269.5
69621.3
70283.8
70293.8
70348.8
70421.1
70579.8
70764.211
70764.8
70797.211
70797.8
70953.211
70953.8
71005.211
71005.8
71107.211
71107.8
71168.211
71168.8
71622.8
71623.212
71684.2
71684.4
71884.2
71931.5
72284.3
72859.8
72909.8
73084.1
73739.8
73982.211
73982.8
74241.211
74241.8
74265.211
74265.8
74314.211
74314.8
74457.211
74457.8
74475.211
74475.8
74524.211
74524.8
74817.211
74817.8
74865.211
74865.8
75213.8
75214.212
75269.2
75269.4
75469.2
75524.5
75869.3
76669.1
76860.8
76993.211
76993.8
77129.211
77129.8
77137.211
77137.8
77156.211
77156.8
77194.211
77194.8
77211.211
77211.8
77386.211
77386.8
77424.211
77424.8
77640.211
77640.8
77689.211
77689.8
77738.211
77738.8
78036.211
78036.8
78082.211
78082.8
78249.211
78249.8
78277.211
78277.8
78306.211
78306.8
78469.211
78469.8
78473.211
78473.8
78481.211
78481.8
78662.211
78662.8
78672.211
78672.8
78700.211
78700.8
78880.211
78880.8
78909.211
78909.8
78932.211
78932.8
78983.211
78983.8
79167.211
79167.8
79171.211
79171.8
79286.211
79286.8
79359.211
79359.8
79590.211
79590.8
79646.211
79646.8
79681.211
79681.8
79834.211
79834.8
79910.211
79910.8
80150.4
80182.5
80412.8
80413.212
80467.2
80467.4
80667.2
80724.5
81067.3
81827.8
81830.8
81867.1
81879.8
82017.211
82017.8
82118.211
82118.8
82327.211
82327.8
83842.8
83843.212
83848.8
83904.2
83904.4
84104.2
84147.5
84504.3
85304.1
85755.8
86111.8
86112.212
86173.2
86173.4
86373.2
86416.5
86773.3
87573.1
87586.4
87598.5
87615.4
87679.5
87683.4
87755.5
88033.8
88208.211
88208.8
88242.211
88242.8
88428.211
88428.8
88453.211
88453.8
89073.8
89074.212
89137.2
89137.4
89337.2
89387.5
89737.3
90537.1
90599.8
90611.211
90611.8
90624.211
90624.8
90665.211
90665.8
90924.211
90924.8
90947.211
90947.8
90969.211
90969.8
91420.8
91421.212
91479.2
91479.4
91679.2
91726.5
92079.3
92879.1
93402.8
93413.211
93413.8
93452.211
93452.8
93510.211
93510.8
93521.211
93521.8
93549.211
93549.8
93627.211
93627.8
93840.211
93840.8
93900.211
93900.8
93956.211
93956.8
94009.211
94009.8
94285.211
94285.8
94329.211
94329.8
94557.211
94557.8
94605.211
94605.8
94829.211
94829.8
94838.211
94838.8
94849.211
94849.8
94865.211
94865.8
95107.211
95107.8
95135.211
95135.8
95156.211
95156.8
95189.211
95189.8
95224.211
95224.8
95276.211
95276.8
95336.211
95336.8
95388.211
95388.8
95559.4
95699.5
95791.8
95792.212
95854.2
95854.4
96054.2
96104.5
96221.4
96237.5
96259.4
96261.5
96266.4
96271.5
96454.3
97254.1
97488.8
97511.211
97511.8
97686.211
97686.8
97692.211
97692.8
97833.211
97833.8
97859.211
97859.8
97879.211
97879.8
97915.211
97915.8
97977.211
97977.8
98018.211
98018.8
98068.211
98068.8
98342.211
98342.8
98369.211
98369.8
98394.211
98394.8
98440.211
98440.8
98663.211
98663.8
98689.211
98689.8
98757.211
98757.8
99045.211
99045.8
99359.8
99360.212
99419.2
99419.4
99619.2
99675.5
100019.3
100635.8
100819.1
100860.8
100896.211
100896.8
101051.211
101051.8
101091.211
101091.8
101352.211
101352.8
101599.211
101599.8
101645.211
101645.8
101676.211
101676.8
101722.211
101722.8
102226.8
102227.212
102287.2
102287.4
102487.2
102540.5
102887.3
103687.1
104541.8
104578.211
104578.8
104627.211
104627.8
104661.211
104661.8
104931.4
104947.5
105007.8
105008.212
105012.8
105061.2
105061.4
105261.2
105315.5
105661.3
106461.1
107191.8
107217.211
107217.8
107247.211
107247.8
107277.211
107277.8
107349.211
107349.8
107363.211
107363.8
107395.211
107395.8
107452.211
107452.8
107731.211
107731.8
107772.211
107772.8
107866.211
107866.8
108242.8
108243.212
108303.2
108303.4
108503.2
108552.5
108903.3
109703.1
109773.8
109787.211
109787.8
109802.211
109802.8
109831.211
109831.8
109840.211
109840.8
109843.211
109843.8
109894.211
109894.8
110393.8
110394.212
110441.2
110441.4
110641.2
110691.5
111041.3
111160.4
111195.5
111841.1
111979.8
112002.211
112002.8
112035.211
112035.8
112167.211
112167.8
112193.211
112193.8
112425.211
112425.8
112593.211
112593.8
112615.211
112615.8
112789.211
112789.8
112802.211
112802.8
112809.211
112809.8
112820.211
112820.8
112840.211
112840.8
113047.211
113047.8
113085.211
113085.8
113189.211
113189.8
113396.211
113396.8
113430.211
113430.8
113498.211
113498.8
113547.211
113547.8
113895.8
113896.212
113900.8
113965.2
113965.4
114165.2
114207.5
114209.4
114216.5
114565.3
114725.4
114756.5
115080.8
115128.8
115133.8
115140.8
115365.1
115592.8
115635.211
115635.8
115670.211
115670.8
115761.211
115761.8
115798.211
115798.8
115939.211
115939.8
115967.211
115967.8
115988.211
115988.8
116037.211
116037.8
116233.211
116233.8
116272.211
116272.8
116308.211
116308.8
116489.211
116489.8
116501.211
116501.8
116507.211
116507.8
116514.211
116514.8
116533.211
116533.8
116563.211
116563.8
116974.8
116975.212
117031.2
117031.4
117231.2
117282.5
117631.3
118431.1
119900.8
119942.211
119942.8
120112.211
120112.8
120281.211
120281.8
121077.8
121078.212
121079.8
121137.2
121137.4
121337.2
121381.5
121383.4
121388.5
121737.3
122537.1
122716.8
122759.211
122759.8
123021.211
123021.8
123078.211
123078.8
123084.211
123084.8
123739.8
123740.212
123792.2
123792.4
123992.2
124043.5
124392.3
125192.1
125593.8
125778.211
125778.8
126037.211
126037.8
126195.211
126195.8
126323.211
126323.8
126485.211
126485.8
126529.211
126529.8
126606.211
126606.8
126786.211
126786.8
126790.211
126790.8
126808.211
126808.8
126813.211
126813.8
126826.211
126826.8
126970.211
126970.8
127069.211
127069.8
127206.211
127206.8
127296.211
127296.8
127340.211
127340.8
127368.211
127368.8
127578.211
127578.8
127612.211
127612.8
127615.211
127615.8
127658.211
127658.8
128151.8
128152.212
128220.2
128220.4
128420.2
128483.5
128820.3
129620.1
129763.8
129790.211
129790.8
129815.211
129815.8
130202.4
130213.5
130680.8
130681.212
130686.8
130743.2
130743.4
130943.2
131000.5
131315.4
131343.3
131357.5
132143.1
132358.8
132391.211
132391.8
132411.211
132411.8
132539.211
132539.8
132561.211
132561.8
132576.211
132576.8
132646.211
132646.8
132738.211
132738.8
133053.8
133054.212
133117.2
133117.4
133317.2
133365.5
133717.3
134517.1
134634.8
134724.211
134724.8
134945.211
134945.8
134970.211
134970.8
135012.211
135012.8
135170.211
135170.8
135223.211
135223.8
135503.211
135503.8
135566.211
135566.8
135774.211
135774.8
135801.211
135801.8
135853.211
135853.8
135930.211
135930.8
136109.211
136109.8
136315.211
136315.8
136775.8
136776.212
136837.2
136837.4
137037.2
137089.5
137437.3
138237.1
138661.8
138685.211
138685.8
138707.211
138707.8
138888.4
138901.5
138953.211
138953.8
139044.211
139044.8
139097.211
139097.8
139178.211
139178.8
139334.211
139334.8
139487.211
139487.8
139532.211
139532.8
139711.211
139711.8
139734.211
139734.8
139899.211
139899.8
140188.211
140188.8
140214.211
140214.8
140983.8
140984.212
141038.2
141038.4
141238.2
141304.5
141638.3
142067.4
142104.5
142408.8
142438.1
142629.8
142656.211
142656.8
142711.211
142711.8
142952.211
142952.8
142993.211
142993.8
143056.211
143056.8
143247.211
143247.8
143409.211
143409.8
143428.211
143428.8
143462.211
143462.8
143654.211
143654.8
143669.211
143669.8
143877.211
143877.8
143898.211
143898.8
143922.211
143922.8
143947.211
143947.8
144113.211
144113.8
144151.211
144151.8
144192.211
144192.8
144233.211
144233.8
144324.211
144324.8
144387.211
144387.8
144583.211
144583.8
144646.211
144646.8
144916.211
144916.8
144945.211
144945.8
145027.211
145027.8
145415.8
145416.212
145470.2
145470.4
145670.2
145724.5
146070.3
146870.1
147502.8
147526.211
147526.8
147555.211
147555.8
147806.211
147806.8
147962.211
147962.8
148316.8
148317.212
148387.2
148387.4
148587.2
148654.5
148987.3
149724.4
149750.5
149787.1
149887.8
149940.211
149940.8
150127.211
150127.8
150476.8
150477.212
150541.2
150541.4
150741.2
150779.5
151141.3
151642.4
151665.5
151896.8
151941.1
152114.8
152272.211
152272.8
152547.211
152547.8
152576.211
152576.8
152600.211
152600.8
152741.211
152741.8
152977.211
152977.8
153043.211
153043.8
153341.211
153341.8
153403.211
153403.8
153773.8
153774.212
153837.2
153837.4
154037.2
154088.5
154090.4
154091.5
154437.3
155237.1
155263.8
155289.211
155289.8
155301.211
155301.8
155521.211
155521.8
155757.211
155757.8
155801.211
155801.8
156204.8
156205.212
156209.8
156264.2
156264.4
156271.5
156281.4
156464.2
156516.5
156674.4
156725.5
156864.3
157664.1
157886.8
157907.211
157907.8
157920.211
157920.8
157960.211
157960.8
157999.211
157999.8
158083.211
158083.8
158221.211
158221.8
158372.211
158372.8
158552.211
158552.8
158557.211
158557.8
158580.211
158580.8
158614.211
158614.8
158756.211
158756.8
159024.211
159024.8
159138.211
159138.8
159293.211
159293.8
159333.211
159333.8
159387.211
159387.8
159601.211
159601.8
159624.211
159624.8
159653.211
159653.8
159818.211
159818.8
159860.211
159860.8
159970.211
159970.8
160010.211
160010.8
160324.8
160325.212
160330.8
160388.2
160388.4
160588.2
160638.5
160988.3
161788.1
164097.8
164192.211
164192.8
164251.211
164251.8
164313.211
164313.8
164383.211
164383.8
164439.211
164439.8
164636.211
164636.8
165099.8
165100.212
165159.2
165159.4
165359.2
165410.5
165759.3
166559.1
166922.8
166928.211
166928.8
166958.211
166958.8
167334.8
167335.212
167407.2
167407.4
167607.2
167650.5
168007.3
168382.4
168423.5
168736.8
168807.1
168944.8
168990.211
168990.8
169221.4
169231.5
169301.8
169302.212
169360.2
169360.4
169560.2
169613.5
169782.4
169812.5
169830.4
169856.5
169870.4
169873.5
169884.4
169885.5
169960.3
170760.1
171940.8
171946.211
171946.8
171955.211
171955.8
172007.211
172007.8
172143.211
172143.8
172219.211
172219.8
172484.211
172484.8
172489.211
172489.8
172519.211
172519.8
172681.211
172681.8
173150.8
173151.212
173155.8
173230.2
173230.4
173430.2
173472.5
173771.8
173830.3
174630.1
174889.8
174891.211
174891.8
174920.211
174920.8
174922.211
174922.8
175059.211
175059.8
175326.211
175326.8
175377.211
175377.8
175399.211
175399.8
175453.211
175453.8
175990.8
175991.212
176056.2
176056.4
176256.2
176307.5
176656.3
177456.1
177619.8
177644.211
177644.8
177699.211
177699.8
177823.211
177823.8
178015.211
178015.8
178063.211
178063.8
178105.211
178105.8
178146.211
178146.8
178274.211
178274.8
178278.211
178278.8
178737.8
178738.212
178799.2
178799.4
178999.2
179052.5
180000.9
123456789
4
09
17
4
09
17
0
0
0
7
14
30
38
15
03
39
6
2
1790
0
0
0
314159265
58
714
110
180000
314159265
0.1
251.8
313.211
313.8
342.211
342.8
387.211
387.8
605.211
605.8
947.8
948.212
1018.2
1018.4
1218.2
1300.5
1618.3
2418.1
2582.8
2587.211
2587.8
2599.211
2599.8
2751.211
2751.8
2995.211
2995.8
3021.211
3021.8
3043.211
3043.8
3079.211
3079.8
3249.211
3249.8
3268.211
3268.8
3293.211
3293.8
3354.211
3354.8
3477.211
3477.8
3656.211
3656.8
3663.211
3663.8
3694.211
3694.8
4062.8
4063.212
4067.8
4121.2
4121.4
4321.2
4378.5
4554.4
4580.5
4721.3
5505.8
5521.1
5972.8
6025.211
6025.8
6190.211
6190.8
6220.211
6220.8
6376.211
6376.8
6399.211
6399.8
6420.211
6420.8
6465.211
6465.8
6646.211
6646.8
6672.211
6672.8
6751.211
6751.8
7171.8
7172.212
7226.2
7226.4
7426.2
7477.5
7826.3
8626.1
8857.8
9219.8
9220.212
9273.2
9273.4
9473.2
9524.5
9873.3
10204.4
10214.5
10673.1
10823.8
10863.211
10863.8
11057.211
11057.8
11082.211
11082.8
11246.211
11246.8
11283.211
11283.8
11318.211
11318.8
11417.211
11417.8
11819.8
11820.212
11874.2
11874.4
12074.2
12120.5
12474.3
13274.1
13286.8
13326.211
13326.8
13741.8
13742.212
13801.2
13801.4
14001.2
14041.5
14344.4
14358.5
14397.4
14398.5
14401.3
14428.4
14431.5
15201.1
15333.8
15338.211
15338.8
15343.211
15343.8
15375.211
15375.8
15515.211
15515.8
15580.211
15580.8
15634.211
15634.8
15664.211
15664.8
15842.211
15842.8
15879.211
15879.8
16078.211
16078.8
16091.211
16091.8
16111.211
16111.8
16243.211
16243.8
16275.211
16275.8
16527.211
16527.8
16555.211
16555.8
16788.211
16788.8
16838.211
16838.8
16853.211
16853.8
16916.211
16916.8
17266.8
17267.212
17271.8
17330.2
17330.4
17530.2
17577.5
17930.3
18730.1
18865.8
18901.211
18901.8
18935.211
18935.8
19056.211
19056.8
19062.211
19062.8
19094.211
19094.8
19243.211
19243.8
19264.211
19264.8
19296.211
19296.8
19299.211
19299.8
19468.211
19468.8
19494.211
19494.8
19943.8
19944.212
20002.2
20002.4
20202.2
20247.5
20602.3
21402.1
21909.8
21934.211
21934.8
22097.211
22097.8
22102.211
22102.8
22384.211
22384.8
22396.211
22396.8
22408.211
22408.8
22605.211
22605.8
22760.211
22760.8
22774.211
22774.8
22979.211
22979.8
22989.211
22989.8
23006.211
23006.8
23215.4
23221.5
23290.211
23290.8
23294.211
23294.8
23297.211
23297.8
23352.211
23352.8
23514.211
23514.8
23673.211
23673.8
23720.211
23720.8
23759.211
23759.8
23929.211
23929.8
24477.8
24478.212
24534.2
24534.4
24734.2
24783.5
25044.4
25119.5
25134.3
25747.4
25753.5
25934.1
26435.8
26930.8
26931.212
26986.2
26986.4
27186.2
27236.5
27586.3
28074.4
28141.5
28386.1
28469.8
28480.211
28480.8
28484.211
28484.8
28794.8
28795.212
28854.2
28854.4
29054.2
29106.5
29107.4
29110.5
29336.4
29353.5
29454.3
30254.1
30285.8
30505.211
30505.8
31041.8
31042.212
31101.2
31101.4
31301.2
31350.5
31701.3
32176.8
32241.8
32366.8
32501.1
32513.8
32675.211
32675.8
32846.211
32846.8
32851.211
32851.8
32867.211
32867.8
32884.211
32884.8
32944.211
32944.8
32980.211
32980.8
33112.211
33112.8
33576.8
33577.212
33644.2
33644.4
33844.2
33900.5
34244.3
34903.8
35044.1
35304.8
35665.8
35666.212
35670.8
35739.2
35739.4
35939.2
35999.5
36000.4
36001.5
36290.4
36328.5
36339.3
36684.8
36745.8
36914.8
37072.8
37139.1
37170.8
37223.211
37223.8
37519.211
37519.8
37619.211
37619.8
37974.8
37975.212
38030.2
38030.4
38230.2
38278.5
38428.4
38434.5
38630.3
38963.8
38993.8
39430.1
39472.8
39515.211
39515.8
39547.211
39547.8
39721.211
39721.8
39941.211
39941.8
40034.211
40034.8
40173.211
40173.8
40262.211
40262.8
40487.211
40487.8
40611.211
40611.8
40816.211
40816.8
40857.211
40857.8
40939.211
40939.8
41090.211
41090.8
41117.211
41117.8
41146.211
41146.8
41199.211
41199.8
41428.211
41428.8
41505.211
41505.8
41688.211
41688.8
41692.211
41692.8
41749.211
41749.8
42253.8
42254.212
42317.2
42317.4
42517.2
42565.5
42917.3
43674.4
43712.5
43717.1
44109.8
44226.211
44226.8
44315.211
44315.8
44369.211
44369.8
44502.211
44502.8
44536.211
44536.8
44908.8
44909.212
44979.2
44979.4
45179.2
45200.5
45579.3
45904.8
46379.1
46526.8
46608.211
46608.8
47047.8
47048.212
47108.2
47108.4
47308.2
47354.5
47355.4
47358.5
47708.3
48508.1
48815.8
48900.211
48900.8
48966.211
48966.8
49162.211
49162.8
49201.211
49201.8
49399.211
49399.8
49443.211
49443.8
49610.211
49610.8
49850.211
49850.8
49898.211
49898.8
50042.211
50042.8
50128.211
50128.8
50178.211
50178.8
50350.211
50350.8
50376.211
50376.8
50498.211
50498.8
50553.211
50553.8
50585.211
50585.8
50641.211
50641.8
50957.8
50958.212
50962.8
51024.2
51024.4
51224.2
51275.5
51624.3
52424.1
52466.8
52467.211
52467.8
52621.211
52621.8
52673.211
52673.8
52690.211
52690.8
52855.211
52855.8
52884.211
52884.8
52973.211
52973.8
53341.8
53342.212
53400.2
53400.4
53600.2
53648.5
54000.3
54800.1
55032.8
55040.211
55040.8
55220.211
55220.8
55290.211
55290.8
55448.211
55448.8
55473.211
55473.8
55633.211
55633.8
55678.211
55678.8
56069.8
56070.212
56128.2
56128.4
56328.2
56374.5
56728.3
57528.1
57566.8
57584.211
57584.8
57621.211
57621.8
57757.211
57757.8
57954.211
57954.8
58170.211
58170.8
58490.8
58491.212
58496.8
58567.2
58567.4
58767.2
58828.5
59167.3
59967.1
59998.8
60041.211
60041.8
60654.8
60655.212
60708.2
60708.4
60908.2
60954.5
61308.3
61814.8
62108.1
62343.8
62470.211
62470.8
62636.211
62636.8
62692.211
62692.8
62902.211
62902.8
62964.211
62964.8
63155.211
63155.8
63209.211
63209.8
63257.211
63257.8
63403.211
63403.8
63440.211
63440.8
63661.211
63661.8
63683.211
63683.8
63702.211
63702.8
63737.211
63737.8
63921.211
63921.8
64390.8
64391.212
64448.2
64448.4
64648.2
64699.5
65048.3
65848.1
66249.8
66327.211
66327.8
66526.211
66526.8
66560.211
66560.8
66863.8
66864.212
66920.2
66920.4
67120.2
67168.5
67520.3
68033.4
68055.5
68071.4
68248.5
68320.1
68340.8
68374.211
68374.8
68520.211
68520.8
68550.211
68550.8
68588.211
68588.8
68711.211
68711.8
68873.211
68873.8
69024.211
69024.8
69268.211
69268.8
69327.211
69327.8
69577.211
69577.8
69717.211
69717.8
69897.211
69897.8
69921.211
69921.8
70166.211
70166.8
70197.211
70197.8
70419.211
70419.8
70494.211
70494.8
70643.211
70643.8
70789.211
70789.8
71071.211
71071.8
71155.211
71155.8
71157.211
71157.8
71309.211
71309.8
71365.211
71365.8
71603.211
71603.8
71656.211
71656.8
71746.211
71746.8
71879.211
71879.8
71934.211
71934.8
71949.211
71949.8
71950.211
71950.8
71966.211
71966.8
72031.211
72031.8
72320.211
72320.8
72350.211
72350.8
72385.211
72385.8
72661.211
72661.8
72774.211
72774.8
73216.8
73217.212
73283.2
73283.4
73483.2
73524.5
73883.3
74683.1
74996.8
75075.211
75075.8
75146.211
75146.8
75444.211
75444.8
75464.211
75464.8
75490.211
75490.8
75505.211
75505.8
75660.211
75660.8
75681.211
75681.8
75717.211
75717.8
75757.211
75757.8
75961.211
75961.8
76064.211
76064.8
76194.211
76194.8
76435.211
76435.8
76520.211
76520.8
76524.211
76524.8
76815.211
76815.8
76837.211
76837.8
76896.211
76896.8
77134.211
77134.8
77311.211
77311.8
77347.211
77347.8
77627.211
77627.8
77633.211
77633.8
77658.211
77658.8
77692.211
77692.8
77829.211
77829.8
77860.211
77860.8
78026.211
78026.8
78060.211
78060.8
78289.211
78289.8
78412.211
78412.8
78447.211
78447.8
78727.211
78727.8
78798.211
78798.8
78855.211
78855.8
79035.211
79035.8
79341.8
79342.212
79402.2
79402.4
79602.2
79654.5
79845.4
79857.5
79887.4
79889.5
79896.4
79901.5
79922.4
79939.5
79962.4
79965.5
79972.4
80002.3
80027.5
80083.4
80085.5
80100.4
80101.5
80281.4
80290.5
80327.4
80334.5
80336.4
80338.5
80341.4
80354.5
80368.4
80394.5
80398.4
80461.5
80802.1
80851.4
80854.5
80855.4
80857.5
80859.4
80997.5
81045.4
81046.5
81093.4
81094.5
81117.4
81118.5
81129.4
81173.5
81400.8
81516.4
81555.5
81615.211
81615.8
81863.211
81863.8
81868.211
81868.8
82314.8
82315.212
82373.2
82373.4
82573.2
82629.5
82789.4
82818.5
82973.3
83773.1
84798.8
84909.211
84909.8
85110.211
85110.8
85256.211
85256.8
85390.211
85390.8
85421.211
85421.8
85630.211
85630.8
85660.211
85660.8
85759.211
85759.8
85984.211
85984.8
86034.211
86034.8
86200.211
86200.8
86219.211
86219.8
86522.8
86523.212
86587.2
86587.4
86787.2
86833.5
87187.3
87876.8
87987.1
87998.8
88313.8
88314.212
88376.2
88376.4
88576.2
88627.5
88976.3
89776.1
89909.8
89998.211
89998.8
90033.211
90033.8
90436.8
90437.212
90509.2
90509.4
90709.2
90753.5
91005.4
91031.5
91109.3
91909.1
92223.8
92320.211
92320.8
92466.211
92466.8
92523.211
92523.8
92555.211
92555.8
92586.211
92586.8
92788.211
92788.8
93059.211
93059.8
93306.211
93306.8
93394.211
93394.8
93615.211
93615.8
93642.211
93642.8
94213.8
94214.212
94291.2
94291.4
94491.2
94539.5
94789.4
94811.5
94891.3
94930.8
95380.8
95691.1
95870.8
95900.211
95900.8
95942.211
95942.8
96283.8
96284.212
96289.8
96347.2
96347.4
96547.2
96601.5
96947.3
97747.1
98059.8
98098.211
98098.8
98127.211
98127.8
98186.211
98186.8
98275.211
98275.8
98374.211
98374.8
98465.211
98465.8
98539.211
98539.8
98567.211
98567.8
98725.211
98725.8
98754.211
98754.8
98934.211
98934.8
98956.211
98956.8
98992.211
98992.8
99069.211
99069.8
99215.211
99215.8
99436.211
99436.8
99495.211
99495.8
99604.211
99604.8
99616.211
99616.8
99739.211
99739.8
99806.211
99806.8
100215.8
100216.212
100285.2
100285.4
100485.2
100535.5
100885.3
101685.1
102104.8
102363.211
102363.8
102646.4
102653.5
102750.8
102751.212
102811.2
102811.4
103011.2
103052.5
103411.3
104211.1
104423.8
104460.211
104460.8
104548.211
104548.8
104666.211
104666.8
104694.211
104694.8
104700.211
104700.8
104757.211
104757.8
104920.211
104920.8
104998.211
104998.8
105045.211
105045.8
105154.211
105154.8
105169.211
105169.8
105598.8
105599.212
105604.8
105669.2
105669.4
105869.2
105915.5
105916.4
105917.5
106269.3
107069.1
107216.8
107253.211
107253.8
107847.8
107848.212
107912.2
107912.4
108112.2
108163.5
108512.3
109081.8
109311.8
109312.1
109320.8
109335.211
109335.8
109337.211
109337.8
109345.211
109345.8
109380.211
109380.8
109474.211
109474.8
109559.211
109559.8
109809.211
109809.8
110267.8
110268.212
110325.2
110325.4
110525.2
110575.5
110925.3
111725.1
111845.8
111857.211
111857.8
111861.211
111861.8
112013.211
112013.8
112050.211
112050.8
112233.211
112233.8
112441.211
112441.8
112579.211
112579.8
112681.211
112681.8
112946.211
112946.8
112960.211
112960.8
112980.211
112980.8
113026.211
113026.8
113030.211
113030.8
113319.211
113319.8
113345.211
113345.8
113547.211
113547.8
113580.211
113580.8
113817.211
113817.8
113846.211
113846.8
113928.211
113928.8
113939.211
113939.8
114059.211
114059.8
114295.211
114295.8
114535.211
114535.8
114874.8
114875.212
114935.2
114935.4
115135.2
115180.5
115535.3
116335.1
116777.8
116947.211
116947.8
117142.211
117142.8
117159.211
117159.8
117433.211
117433.8
117438.211
117438.8
117452.211
117452.8
117476.211
117476.8
117539.211
117539.8
117615.211
117615.8
117798.211
117798.8
117887.211
117887.8
118107.211
118107.8
118137.211
118137.8
118441.8
118442.212
118497.2
118497.4
118697.2
118742.5
119056.4
119076.5
119097.3
119897.1
119905.8
119935.211
119935.8
119939.211
119939.8
119966.211
119966.8
120133.211
120133.8
120262.211
120262.8
120490.211
120490.8
120554.211
120554.8
120709.211
120709.8
120892.211
120892.8
121028.211
121028.8
121095.211
121095.8
121357.211
121357.8
121407.211
121407.8
121439.211
121439.8
121745.8
121746.212
121813.2
121813.4
122013.2
122073.5
122413.3
123213.1
123351.8
123387.211
123387.8
123549.211
123549.8
123648.4
123656.5
123767.211
123767.8
123833.211
123833.8
123865.211
123865.8
123992.211
123992.8
124258.211
124258.8
124283.211
124283.8
124312.211
124312.8
124454.211
124454.8
124621.211
124621.8
124652.211
124652.8
124691.211
124691.8
124876.211
124876.8
124999.211
124999.8
125267.211
125267.8
125299.211
125299.8
125557.211
125557.8
126118.8
126119.212
126185.2
126185.4
126385.2
126423.5
126785.3
127585.1
127917.8
128155.211
128155.8
128434.211
128434.8
128629.211
128629.8
129099.8
129100.212
129161.2
129161.4
129361.2
129404.5
129761.3
130303.8
130561.1
130590.8
130673.211
130673.8
130688.211
130688.8
130706.211
130706.8
130712.211
130712.8
130724.211
130724.8
130731.211
130731.8
131376.8
131377.212
131445.2
131445.4
131645.2
131697.5
132045.3
132401.8
132713.8
132845.1
132905.8
133299.8
133300.212
133379.2
133379.4
133579.2
133612.5
133979.3
134779.1
135000.8
135015.211
135015.8
135106.211
135106.8
135135.211
135135.8
135240.211
135240.8
135387.211
135387.8
135392.211
135392.8
135573.211
135573.8
135747.211
135747.8
135779.211
135779.8
135804.211
135804.8
135843.211
135843.8
135914.211
135914.8
136052.211
136052.8
136146.211
136146.8
136339.211
136339.8
136417.211
136417.8
136614.211
136614.8
137085.8
137086.212
137173.2
137173.4
137373.2
137415.5
137417.4
137424.5
137773.3
138573.1
138650.8
138816.211
138816.8
138870.211
138870.8
139103.211
139103.8
139403.211
139403.8
139599.211
139599.8
139821.211
139821.8
139865.211
139865.8
139918.211
139918.8
140133.211
140133.8
140434.8
140435.212
140497.2
140497.4
140697.2
140744.5
141097.3
141897.1
142212.8
142310.211
142310.8
142343.211
142343.8
142481.211
142481.8
142490.211
142490.8
142528.211
142528.8
142569.211
142569.8
142656.211
142656.8
142735.211
142735.8
142905.211
142905.8
142958.211
142958.8
142961.211
142961.8
143169.211
143169.8
143345.211
143345.8
143372.211
143372.8
143505.211
143505.8
143538.211
143538.8
143775.211
143775.8
143816.211
143816.8
143856.211
143856.8
143913.211
143913.8
143952.211
143952.8
144122.211
144122.8
144291.211
144291.8
144322.211
144322.8
144671.8
144672.212
144676.8
144749.2
144749.4
144949.2
144997.5
145349.3
146149.1
146548.8
146588.211
146588.8
146742.211
146742.8
146857.211
146857.8
147081.211
147081.8
147223.211
147223.8
147285.211
147285.8
147330.211
147330.8
147451.211
147451.8
147505.211
147505.8
147569.211
147569.8
148003.8
148004.212
148010.8
148072.2
148072.4
148272.2
148329.5
148672.3
148754.4
148772.5
149472.1
149528.8
149565.211
149565.8
149770.211
149770.8
150033.211
150033.8
150071.211
150071.8
150074.211
150074.8
150212.211
150212.8
150299.211
150299.8
150463.211
150463.8
150544.211
150544.8
150689.211
150689.8
150726.211
150726.8
150800.211
150800.8
150972.211
150972.8
151148.211
151148.8
151184.211
151184.8
151194.211
151194.8
151209.211
151209.8
151577.8
151578.212
151635.2
151635.4
151835.2
151877.5
152235.3
153035.1
153303.8
153349.211
153349.8
153459.211
153459.8
153705.211
153705.8
155875.8
155876.212
155957.2
155957.4
156157.2
156195.5
156557.3
157146.4
157177.5
157357.1
158126.8
158470.8
158471.212
158534.2
158534.4
158734.2
158774.5
159134.3
159668.8
159793.8
159934.1
160015.8
160105.211
160105.8
160181.211
160181.8
160435.211
160435.8
160659.211
160659.8
160708.211
160708.8
160759.211
160759.8
160769.211
160769.8
160785.211
160785.8
160901.211
160901.8
161152.211
161152.8
161188.211
161188.8
161360.211
161360.8
161387.211
161387.8
161438.211
161438.8
161538.211
161538.8
161555.211
161555.8
161729.211
161729.8
161882.211
161882.8
161977.211
161977.8
162432.8
162433.212
162496.2
162496.4
162696.2
162741.5
162742.4
162746.5
163096.3
163896.1
164230.8
164264.211
164264.8
164580.8
164581.212
164645.2
164645.4
164845.2
164883.5
165245.3
166045.1
166098.8
166100.211
166100.8
166125.211
166125.8
166143.211
166143.8
166212.211
166212.8
166221.211
166221.8
166524.8
166525.212
166588.2
166588.4
166788.2
166830.5
167188.3
167637.4
167660.5
167988.1
168033.8
168069.211
168069.8
168150.211
168150.8
168507.8
168508.212
168513.8
168575.2
168575.4
168775.2
168814.5
169175.3
169975.1
170320.8
170478.211
170478.8
170585.211
170585.8
171301.8
171302.212
171378.2
171378.4
171578.2
171626.5
171978.3
172778.1
173073.8
173101.211
173101.8
173136.211
173136.8
173249.211
173249.8
173280.211
173280.8
173455.211
173455.8
173506.211
173506.8
173665.211
173665.8
173868.211
173868.8
173887.211
173887.8
173928.211
173928.8
174064.211
174064.8
174337.211
174337.8
174368.211
174368.8
174452.211
174452.8
174572.211
174572.8
174984.8
174985.212
174998.8
175065.2
175065.4
175265.2
175316.5
175665.3
176465.1
177212.8
177267.211
177267.8
177345.211
177345.8
177402.211
177402.8
177462.211
177462.8
177598.211
177598.8
177645.211
177645.8
177699.211
177699.8
177828.211
177828.8
177844.211
177844.8
177849.211
177849.8
177927.211
177927.8
178077.211
178077.8
178341.211
178341.8
178386.211
178386.8
178387.211
178387.8
178548.211
178548.8
178696.211
178696.8
178706.211
178706.8
178707.211
178707.8
178984.211
178984.8
179002.211
179002.8
179091.211
179091.8
179234.211
179234.8
179268.211
179268.8
179304.211
179304.8
179578.211
179578.8
179654.211
179654.8
179773.211
179773.8
179955.211
180000.9
123456789
4
10
17
4
10
17
0
0
0
7
14
19
37
14
52
37
6
2
1910
0
0
0
314159265
54
778
110
180000
314159265
0.1
531.8
539.211
539.8
637.211
637.8
754.211
754.8
778.211
778.8
797.211
797.8
1002.211
1002.8
1052.211
1052.8
1083.211
1083.8
1592.8
1593.212
1658.2
1658.4
1858.2
1908.5
1993.4
2022.5
2025.4
2093.5
2123.4
2131.5
2258.3
3058.1
3303.8
3347.211
3347.8
3419.211
3419.8
3435.211
3435.8
3468.211
3468.8
3677.211
3677.8
3700.211
3700.8
3712.211
3712.8
3904.211
3904.8
3925.211
3925.8
4055.211
4055.8
4103.211
4103.8
4505.8
4506.212
4571.2
4571.4
4771.2
4841.5
5171.3
5971.1
6131.8
6181.211
6181.8
6258.211
6258.8
6263.211
6263.8
6478.211
6478.8
6500.211
6500.8
6523.211
6523.8
6551.211
6551.8
6743.211
6743.8
6791.211
6791.8
7061.4
7294.5
7366.8
7367.212
7423.2
7423.4
7623.2
7841.5
8023.3
8823.1
9070.8
9134.211
9134.8
9165.211
9165.8
9241.211
9241.8
9350.211
9350.8
10026.8
10027.212
10091.2
10091.4
10291.2
10323.5
10691.3
10989.8
11198.8
11491.1
11720.8
11747.211
11747.8
11777.211
11777.8
11923.211
11923.8
11959.211
11959.8
12001.211
12001.8
12327.8
12328.212
12382.2
12382.4
12582.2
12651.5
12654.4
12660.5
12982.3
13782.1
13833.8
13872.211
13872.8
13949.211
13949.8
14359.8
14360.212
14422.2
14422.4
14622.2
14654.5
15022.3
15822.1
16016.8
16051.211
16051.8
16099.211
16099.8
16214.211
16214.8
16279.211
16279.8
16463.211
16463.8
16502.211
16502.8
16550.211
16550.8
16580.211
16580.8
16587.211
16587.8
16795.211
16795.8
16822.211
16822.8
16978.211
16978.8
17061.211
17061.8
17177.211
17177.8
17212.211
17212.8
17351.211
17351.8
17668.8
17669.212
17728.2
17728.4
17928.2
17983.5
18328.3
18443.4
18501.5
18515.4
18612.5
19128.1
19275.8
19520.211
19520.8
19560.211
19560.8
19599.211
19599.8
19879.211
19879.8
19895.211
19895.8
19910.211
19910.8
19998.211
19998.8
20212.211
20212.8
20453.211
20453.8
20465.211
20465.8
20494.211
20494.8
20806.8
20807.212
20866.2
20866.4
21066.2
21118.5
21466.3
22266.1
22355.8
22381.211
22381.8
22401.211
22401.8
22456.211
22456.8
22564.211
22564.8
22957.8
22958.212
23011.2
23011.4
23211.2
23269.5
23611.3
23729.4
23871.5
24250.8
24365.8
24411.1
24539.8
24608.211
24608.8
24704.211
24704.8
24743.211
24743.8
24847.211
24847.8
24918.211
24918.8
25022.211
25022.8
25167.211
25167.8
25186.211
25186.8
25292.211
25292.8
25449.211
25449.8
25532.211
25532.8
25729.211
25729.8
25782.211
25782.8
25829.211
25829.8
25859.211
25859.8
25968.211
25968.8
26101.211
26101.8
26361.211
26361.8
26435.211
26435.8
26507.211
26507.8
26661.211
26661.8
27016.8
27017.212
27078.2
27078.4
27278.2
27326.5
27678.3
28348.8
28419.8
28478.1
28631.8
29172.8
29173.212
29240.2
29240.4
29440.2
29482.5
29840.3
30640.1
30688.8
30716.211
30716.8
30745.211
30745.8
31187.8
31188.212
31246.2
31246.4
31446.2
31485.5
31846.3
32646.1
33526.8
33698.211
33698.8
33737.211
33737.8
33974.211
33974.8
34015.211
34015.8
34124.211
34124.8
34334.211
34334.8
34351.211
34351.8
34369.211
34369.8
34448.211
34448.8
34462.211
34462.8
34477.211
34477.8
34818.8
34819.212
34891.2
34891.4
35091.2
35138.5
35491.3
36291.1
36416.8
36466.211
36466.8
36490.211
36490.8
36529.211
36529.8
36573.211
36573.8
36651.211
36651.8
36693.211
36693.8
36808.211
36808.8
36815.211
36815.8
36852.211
36852.8
36915.211
36915.8
36969.211
36969.8
37241.211
37241.8
37307.211
37307.8
37351.211
37351.8
37368.211
37368.8
37521.211
37521.8
37532.211
37532.8
37576.211
37576.8
37749.211
37749.8
37755.211
37755.8
37960.211
37960.8
37992.211
37992.8
37996.211
37996.8
38071.211
38071.8
38273.211
38273.8
38304.211
38304.8
38338.211
38338.8
38548.211
38548.8
38553.211
38553.8
38617.211
38617.8
38825.211
38825.8
38874.211
38874.8
38955.211
38955.8
38998.211
38998.8
39042.211
39042.8
39176.211
39176.8
39515.8
39516.212
39571.2
39571.4
39771.2
39816.5
40171.3
40308.4
40329.5
40369.4
40370.5
40404.4
40472.5
40758.4
40784.5
40971.1
41155.8
41367.211
41367.8
41705.8
41706.212
41760.2
41760.4
41960.2
42026.5
42360.3
43160.1
43197.8
43274.211
43274.8
43277.211
43277.8
43369.4
43376.5
43673.8
43674.212
43740.2
43740.4
43940.2
43992.5
44340.3
44866.8
45140.1
45433.8
45460.211
45460.8
45487.211
45487.8
45567.211
45567.8
45585.211
45585.8
45618.211
45618.8
45855.211
45855.8
45858.211
45858.8
45898.211
45898.8
45946.211
45946.8
46018.211
46018.8
46111.211
46111.8
46322.211
46322.8
46357.211
46357.8
46488.211
46488.8
46523.211
46523.8
46782.211
46782.8
46819.211
46819.8
46958.211
46958.8
47021.211
47021.8
47160.211
47160.8
47165.211
47165.8
47183.211
47183.8
47187.211
47187.8
47229.211
47229.8
47398.211
47398.8
47418.211
47418.8
47436.211
47436.8
47446.211
47446.8
47517.211
47517.8
47768.211
47768.8
47778.211
47778.8
47796.211
47796.8
47838.211
47838.8
48115.211
48115.8
48143.211
48143.8
48183.211
48183.8
48541.8
48542.212
48598.2
48598.4
48798.2
48845.5
49198.3
49998.1
50087.8
50112.211
50112.8
50452.8
50453.212
50525.2
50525.4
50725.2
50755.5
51125.3
51604.4
51614.5
51618.4
51634.5
51715.8
51850.4
51885.5
51925.1
51976.8
52000.211
52000.8
52029.211
52029.8
52209.211
52209.8
52397.211
52397.8
52535.211
52535.8
52838.8
52839.212
52844.8
52889.2
52889.4
53089.2
53141.5
53489.3
54289.1
54693.8
54697.211
54697.8
54755.211
54755.8
54831.211
54831.8
54855.211
54855.8
54937.211
54937.8
55310.8
55311.212
55369.2
55369.4
55569.2
55601.5
55969.3
56769.1
56962.8
56992.211
56992.8
57015.211
57015.8
57121.211
57121.8
57124.211
57124.8
57147.211
57147.8
57359.211
57359.8
57365.211
57365.8
57385.211
57385.8
57416.211
57416.8
57494.211
57494.8
57608.211
57608.8
57642.211
57642.8
57809.211
57809.8
57978.211
57978.8
58142.211
58142.8
58175.211
58175.8
58255.211
58255.8
58266.211
58266.8
58314.211
58314.8
58540.211
58540.8
58571.211
58571.8
58581.211
58581.8
58592.211
58592.8
58775.211
58775.8
58825.211
58825.8
59005.211
59005.8
59036.211
59036.8
59056.211
59056.8
59098.211
59098.8
59116.211
59116.8
59170.211
59170.8
59296.211
59296.8
59308.211
59308.8
59327.211
59327.8
59544.211
59544.8
59614.211
59614.8
59695.211
59695.8
59701.211
59701.8
59851.211
59851.8
60081.211
60081.8
60119.211
60119.8
60132.211
60132.8
60362.211
60362.8
60368.211
60368.8
60545.211
60545.8
60580.211
60580.8
60657.211
60657.8
60714.211
60714.8
60872.211
60872.8
60927.211
60927.8
61080.211
61080.8
61104.211
61104.8
61185.211
61185.8
61435.211
61435.8
61483.211
61483.8
61647.211
61647.8
61823.211
61823.8
61906.211
61906.8
62102.211
62102.8
62107.211
62107.8
62114.211
62114.8
62311.211
62311.8
62426.211
62426.8
62794.8
62795.212
62851.2
62851.4
63051.2
63104.5
63451.3
64251.1
64503.8
64533.211
64533.8
64601.211
64601.8
64670.211
64670.8
64701.211
64701.8
64705.211
64705.8
64835.211
64835.8
65126.211
65126.8
65158.211
65158.8
65412.211
65412.8
65427.211
65427.8
65432.211
65432.8
65867.8
65868.212
65876.8
65881.8
65928.2
65928.4
66128.2
66183.5
66528.3
67328.1
67779.8
68183.8
68184.212
68188.8
68240.2
68240.4
68440.2
68484.5
68840.3
69640.1
69846.8
70094.211
70094.8
70100.211
70100.8
70335.211
70335.8
70682.8
70683.212
70739.2
70739.4
70939.2
70987.5
71148.4
71171.5
71339.3
72136.8
72139.1
72287.8
72310.211
72310.8
72556.211
72556.8
72585.211
72585.8
72754.211
72754.8
72776.211
72776.8
72795.211
72795.8
72990.211
72990.8
73185.211
73185.8
73229.211
73229.8
73303.211
73303.8
73507.211
73507.8
73534.211
73534.8
73711.211
73711.8
73733.211
73733.8
73741.211
73741.8
73747.211
73747.8
73943.211
73943.8
73990.211
73990.8
74007.211
74007.8
74189.211
74189.8
74207.211
74207.8
74212.211
74212.8
74227.211
74227.8
74235.211
74235.8
74514.211
74514.8
74526.211
74526.8
74569.211
74569.8
74637.211
74637.8
74676.211
74676.8
74956.211
74956.8
75066.211
75066.8
75263.211
75263.8
75290.211
75290.8
75445.211
75445.8
75472.211
75472.8
75608.211
75608.8
75634.211
75634.8
75848.211
75848.8
75871.211
75871.8
75918.211
75918.8
76146.211
76146.8
76160.211
76160.8
76268.211
76268.8
76315.211
76315.8
76592.211
76592.8
76871.211
76871.8
77157.211
77157.8
77186.211
77186.8
77367.211
77367.8
77563.211
77563.8
77572.211
77572.8
77892.8
77893.212
77952.2
77952.4
78152.2
78200.5
78552.3
79352.1
79505.8
79507.211
79507.8
79747.211
79747.8
79961.4
79970.5
80030.211
80030.8
80421.8
80422.212
80473.2
80473.4
80673.2
80715.5
81073.3
81873.1
81962.8
82648.8
82649.212
82706.2
82706.4
82906.2
82955.5
83306.3
84106.1
84426.8
84436.211
84436.8
84491.211
84491.8
84692.211
84692.8
84778.211
84778.8
84989.211
84989.8
85022.211
85022.8
85087.211
85087.8
85242.211
85242.8
85255.211
85255.8
85420.211
85420.8
85423.211
85423.8
85658.211
85658.8
85738.211
85738.8
85760.211
85760.8
85910.211
85910.8
85927.211
85927.8
86094.211
86094.8
86130.211
86130.8
86156.211
86156.8
86413.211
86413.8
86454.211
86454.8
86499.211
86499.8
86705.211
86705.8
86721.211
86721.8
86748.211
86748.8
86771.211
86771.8
86979.211
86979.8
86982.211
86982.8
86988.211
86988.8
87010.211
87010.8
87028.211
87028.8
87247.211
87247.8
87348.211
87348.8
87631.211
87631.8
87641.211
87641.8
87666.211
87666.8
87761.211
87761.8
87793.211
87793.8
87954.211
87954.8
88107.4
88123.5
88144.4
88180.5
88295.8
88296.212
88367.2
88367.4
88567.2
88629.5
88967.3
89584.8
89767.1
90007.8
90044.211
90044.8
90322.211
90322.8
90376.211
90376.8
90416.211
90416.8
90588.211
90588.8
90899.8
90900.212
90951.2
90951.4
91151.2
91208.5
91551.3
92210.4
92278.5
92351.1
92546.8
92624.211
92624.8
92759.211
92759.8
92955.4
92971.5
93043.211
93043.8
93083.211
93083.8
93287.211
93287.8
93345.211
93345.8
93514.211
93514.8
93609.4
93623.5
93624.4
93675.5
93728.211
93728.8
93819.211
93819.8
94098.211
94098.8
94363.211
94363.8
94644.211
94644.8
94715.211
94715.8
94826.211
94826.8
95627.8
95628.212
95681.2
95681.4
95881.2
95930.5
96281.3
97081.1
97227.8
97415.211
97415.8
97657.211
97657.8
98164.4
98178.5
98406.8
98407.212
98467.2
98467.4
98667.2
98709.5
98712.4
98714.5
99067.3
99867.1
100786.8
100943.211
100943.8
100952.211
100952.8
101019.211
101019.8
101566.8
101567.212
101571.8
101625.2
101625.4
101825.2
101872.5
101991.4
102010.5
102225.3
102583.8
102959.8
103025.1
103411.8
103746.8
103747.212
103806.2
103806.4
104006.2
104066.5
104406.3
105206.1
105407.8
105509.4
105534.5
105564.4
105566.5
105587.4
105588.5
105659.4
105661.5
105678.4
105685.5
105783.8
105784.212
105787.8
105837.2
105837.4
106037.2
106082.5
106203.4
106226.5
106244.4
106245.5
106250.4
106253.5
106270.4
106274.5
106437.3
106652.4
106720.5
106941.4
106955.5
107029.8
107037.8
107199.8
107237.1
107757.8
107795.211
107795.8
107909.211
107909.8
107941.211
107941.8
108161.211
108161.8
108318.211
108318.8
108425.211
108425.8
108474.211
108474.8
108726.211
108726.8
108763.211
108763.8
108797.211
108797.8
108835.211
108835.8
108984.4
108990.5
109055.211
109055.8
109063.211
109063.8
109115.211
109115.8
109312.211
109312.8
109317.211
109317.8
109324.211
109324.8
109332.211
109332.8
109338.211
109338.8
109547.211
109547.8
109721.211
109721.8
109755.211
109755.8
109793.211
109793.8
110069.211
110069.8
110095.211
110095.8
110149.211
110149.8
110177.211
110177.8
110262.211
110262.8
110268.211
110268.8
110274.211
110274.8
110282.211
110282.8
110424.211
110424.8
110633.211
110633.8
110665.211
110665.8
110777.211
110777.8
110803.211
110803.8
110831.211
110831.8
110860.211
110860.8
110932.211
110932.8
111040.211
111040.8
111394.4
111405.5
111469.8
111470.212
111528.2
111528.4
111728.2
111777.5
112128.3
112928.1
113000.8
113005.211
113005.8
113300.211
113300.8
113406.211
113406.8
113754.8
113755.212
113760.8
113803.2
113803.4
114003.2
114048.5
114050.4
114055.5
114190.4
114208.5
114403.3
115203.1
115841.8
115845.211
115845.8
115935.211
115935.8
116211.211
116211.8
117129.8
117130.212
117194.2
117194.4
117394.2
117449.5
117794.3
118594.1
118687.8
118954.211
118954.8
118997.211
118997.8
119364.8
119365.212
119416.2
119416.4
119616.2
119656.5
120016.3
120816.1
120936.8
121122.211
121122.8
121151.211
121151.8
121382.211
121382.8
121389.211
121389.8
121432.211
121432.8
121600.211
121600.8
121645.211
121645.8
121651.211
121651.8
121896.211
121896.8
121969.211
121969.8
121977.211
121977.8
122044.4
122061.5
122147.211
122147.8
122230.211
122230.8
122364.211
122364.8
122375.211
122375.8
122384.211
122384.8
122392.211
122392.8
122490.211
122490.8
122828.8
122829.212
122879.2
122879.4
123079.2
123121.5
123301.4
123336.5
123479.3
124279.1
124395.8
124436.211
124436.8
124481.211
124481.8
124508.211
124508.8
124655.211
124655.8
124715.211
124715.8
124897.211
124897.8
125163.211
125163.8
125190.211
125190.8
125353.211
125353.8
125357.211
125357.8
125390.211
125390.8
125486.211
125486.8
125548.211
125548.8
125689.211
125689.8
125722.211
125722.8
125740.211
125740.8
125995.211
125995.8
126019.211
126019.8
126043.211
126043.8
126309.211
126309.8
126543.211
126543.8
126684.211
126684.8
126834.211
126834.8
127032.211
127032.8
127258.211
127258.8
127447.211
127447.8
127456.211
127456.8
127460.211
127460.8
127678.211
127678.8
127948.211
127948.8
128159.211
128159.8
128340.211
128340.8
128373.211
128373.8
128428.211
128428.8
128724.211
128724.8
128963.211
128963.8
129004.211
129004.8
129057.211
129057.8
129084.211
129084.8
129119.211
129119.8
129324.211
129324.8
129372.211
129372.8
129407.211
129407.8
129568.211
129568.8
129581.211
129581.8
129755.211
129755.8
130245.8
130246.212
130310.2
130310.4
130510.2
130556.5
130910.3
131179.4
131236.5
131577.8
131614.8
131710.1
131951.8
132125.211
132125.8
132405.211
132405.8
132705.211
132705.8
132849.211
132849.8
133093.211
133093.8
133348.211
133348.8
133412.211
133412.8
133603.4
133609.5
133666.211
133666.8
133925.211
133925.8
133944.211
133944.8
133952.211
133952.8
133959.211
133959.8
134287.8
134288.212
134348.2
134348.4
134548.2
134589.5
134948.3
135748.1
135906.8
135965.211
135965.8
136292.8
136293.212
136347.2
136347.4
136547.2
136591.5
136947.3
137747.1
137911.8
138454.4
138477.5
138543.8
138544.212
138599.2
138599.4
138799.2
138850.5
138972.4
139019.5
139199.3
139999.1
140179.8
140204.211
140204.8
140407.211
140407.8
140896.8
140897.212
140961.2
140961.4
141161.2
141193.5
141561.3
141996.8
142055.8
142361.1
142857.8
142964.211
142964.8
142995.211
142995.8
143194.211
143194.8
143210.211
143210.8
143223.211
143223.8
143252.211
143252.8
143385.211
143385.8
143511.211
143511.8
143638.211
143638.8
143772.211
143772.8
143809.211
143809.8
143927.211
143927.8
143991.211
143991.8
144286.211
144286.8
144317.211
144317.8
144360.211
144360.8
144404.211
144404.8
144526.211
144526.8
144770.211
144770.8
144782.211
144782.8
144826.211
144826.8
144912.211
144912.8
144943.211
144943.8
145003.211
145003.8
145009.211
145009.8
145118.211
145118.8
145156.211
145156.8
145354.211
145354.8
145405.211
145405.8
145465.211
145465.8
145495.211
145495.8
145641.211
145641.8
145861.211
145861.8
145888.211
145888.8
146018.211
146018.8
146043.211
146043.8
146210.211
146210.8
146367.211
146367.8
146587.211
146587.8
146750.211
146750.8
146898.211
146898.8
147076.211
147076.8
147109.211
147109.8
147187.211
147187.8
147201.211
147201.8
147408.211
147408.8
147435.211
147435.8
147439.211
147439.8
147715.211
147715.8
147775.211
147775.8
147928.211
147928.8
148221.211
148221.8
148246.211
148246.8
148289.211
148289.8
148529.211
148529.8
148571.211
148571.8
148576.211
148576.8
148602.211
148602.8
148989.8
148990.212
149049.2
149049.4
149249.2
149301.5
149507.4
149574.5
149649.3
150449.1
150559.8
150869.8
150870.212
150874.8
150919.2
150919.4
151119.2
151168.5
151519.3
152319.1
153682.8
153709.211
153709.8
153888.211
153888.8
153920.211
153920.8
153948.211
153948.8
153991.211
153991.8
154138.211
154138.8
154181.211
154181.8
154345.211
154345.8
154369.211
154369.8
154566.211
154566.8
154605.211
154605.8
154636.211
154636.8
154669.211
154669.8
154874.211
154874.8
154994.211
154994.8
155101.211
155101.8
155248.211
155248.8
155447.211
155447.8
155473.211
155473.8
155513.211
155513.8
155609.211
155609.8
155688.211
155688.8
155849.211
155849.8
155864.211
155864.8
155869.211
155869.8
156068.211
156068.8
156194.211
156194.8
156216.211
156216.8
156430.211
156430.8
156439.211
156439.8
156441.211
156441.8
156462.211
156462.8
156489.211
156489.8
156939.8
156940.212
156999.2
156999.4
157199.2
157243.5
157599.3
158399.1
158605.8
158723.4
158725.5
159160.8
159161.212
159165.8
159212.2
159212.4
159412.2
159458.5
159621.4
159636.5
159655.4
159657.5
159662.4
159667.5
159812.3
160612.1
160905.8
160950.211
160950.8
161039.211
161039.8
161273.211
161273.8
161328.211
161328.8
161436.4
161460.5
161566.211
161566.8
161575.211
161575.8
161758.211
161758.8
161919.211
161919.8
162284.8
162285.212
162342.2
162342.4
162542.2
162604.5
162942.3
163742.1
163971.8
164000.211
164000.8
164140.211
164140.8
164419.211
164419.8
164429.211
164429.8
164435.211
164435.8
164813.8
164814.212
164866.2
164866.4
165066.2
165114.5
165466.3
166266.1
167506.8
167682.211
167682.8
167738.211
167738.8
168004.211
168004.8
168060.211
168060.8
168088.211
168088.8
168707.8
168708.212
168769.2
168769.4
168969.2
169019.5
169369.3
169836.8
170003.4
170052.5
170169.1
170263.8
170423.4
170458.5
170508.211
170508.8
170551.211
170551.8
170672.211
170672.8
170698.211
170698.8
170858.211
170858.8
171043.211
171043.8
171091.211
171091.8
171118.211
171118.8
171284.211
171284.8
171546.211
171546.8
171701.211
171701.8
172423.8
172424.212
172506.2
172506.4
172706.2
172749.5
173106.3
173906.1
173938.8
174155.211
174155.8
174199.211
174199.8
174338.211
174338.8
174589.211
174589.8
174614.211
174614.8
174883.211
174883.8
175140.211
175140.8
175611.8
175612.212
175617.8
175671.2
175671.4
175871.2
175915.5
176271.3
177071.1
177123.8
177355.211
177355.8
178111.8
178112.212
178171.2
178171.4
178371.2
178427.5
178771.3
179571.1
180000.9
123456789
