4
07
17
4
07
17
0
0
0
8
14
25
00
14
58
00
6
2
1514
0
0
0
314159265
62
4
224
180000
314159265
0.1
353.6
374.211
374.6
552.211
552.6
729.211
729.6
828.211
828.6
856.211
856.6
892.211
892.6
939.211
939.6
1016.211
1016.6
1062.211
1062.6
1140.211
1140.6
1187.211
1187.6
1339.211
1339.6
1650.212
1650.6
1709.2
1709.4
1909.3
1941.5
2000.4
2005.5
2037.4
2230.5
2255.4
2266.5
2279.4
2282.5
2290.4
2300.5
2633.6
2646.6
2709.1
2739.6
2809.211
2809.6
2855.211
2855.6
2916.211
2916.6
2975.211
2975.6
3143.211
3143.6
3179.211
3179.6
3225.211
3225.6
3335.211
3335.6
3485.211
3485.6
3522.211
3522.6
3569.211
3569.6
3658.211
3658.6
3735.211
3735.6
3760.211
3760.6
3838.211
3838.6
3981.211
3981.6
5052.212
5052.6
5202.8
5359.2
5359.4
5559.3
5587.5
5597.4
5626.5
5633.4
5644.5
5652.4
5793.5
5798.4
6005.5
6359.1
6510.6
6610.211
6610.6
6675.211
6675.6
6817.211
6817.6
6837.211
6837.6
6990.211
6990.6
7018.211
7018.6
7143.211
7143.6
7370.211
7370.6
7857.212
7857.6
7916.2
7916.4
8116.3
8147.5
8193.4
8201.5
8237.4
8238.5
8249.4
8253.5
8254.4
8257.5
8269.4
8512.5
8916.1
9189.6
9247.211
9247.6
9301.211
9301.6
9476.211
9476.6
9529.211
9529.6
9686.211
9686.6
9719.211
9719.6
9900.211
9900.6
9938.211
9938.6
10239.212
10239.6
10309.2
10309.4
10509.3
10539.5
10634.4
10642.5
10683.4
10930.5
10941.4
10949.5
10954.4
10975.5
10983.4
11045.5
11309.1
11372.6
11487.211
11487.6
11633.211
11633.6
11659.211
11659.6
11708.211
11708.6
11761.211
11761.6
11826.211
11826.6
11923.211
11923.6
12145.211
12145.6
12193.211
12193.6
12286.211
12286.6
12426.211
12426.6
12628.211
12628.6
13619.212
13619.6
13694.2
13694.4
13894.3
13922.5
13927.4
13933.5
14041.4
14050.5
14054.4
14239.5
14694.1
14705.6
14866.211
14866.6
14989.211
14989.6
15094.211
15094.6
15247.211
15247.6
15413.211
15413.6
15430.211
15430.6
15806.212
15806.6
15871.2
15871.4
16071.3
16103.5
16223.4
16229.5
16250.4
16440.5
16738.6
16752.6
16871.1
17146.6
17193.211
17193.6
17261.211
17261.6
17283.211
17283.6
17377.211
17377.6
17504.211
17504.6
17609.211
17609.6
18361.212
18361.6
18421.2
18421.4
18621.3
18647.5
18780.4
18979.5
19016.4
19055.5
19421.1
19479.4
19505.5
19708.6
20007.211
20007.6
20150.211
20150.6
20248.211
20248.6
20397.211
20397.6
20407.211
20407.6
20554.211
20554.6
21097.212
21097.6
21168.2
21168.4
21368.3
21398.5
21522.4
21523.5
21574.4
21780.5
21784.4
21841.5
21859.4
21865.5
21869.4
21884.5
22014.4
22026.5
22168.1
22548.6
22667.211
22667.6
23143.212
23143.6
23208.2
23208.4
23408.3
23442.5
23625.4
23919.5
23945.4
23987.5
24051.4
24208.1
24228.5
24884.6
25073.211
25073.6
25144.211
25144.6
25339.211
25339.6
25387.211
25387.6
25480.211
25480.6
25530.211
25530.6
25774.211
25774.6
25883.211
25883.6
26069.211
26069.6
26116.211
26116.6
26772.212
26772.6
26853.2
26853.4
27053.3
27079.5
27260.4
27474.5
27482.4
27487.5
27853.1
28007.6
28441.212
28441.6
28495.2
28495.4
28695.3
28718.5
28860.4
28866.5
28887.4
29173.5
29495.1
30357.6
30516.211
30516.6
30608.211
30608.6
30740.211
30740.6
30884.211
30884.6
30946.211
30946.6
31192.211
31192.6
31364.211
31364.6
31576.211
31576.6
31640.211
31640.6
31706.211
31706.6
31796.4
31861.5
32003.211
32003.6
32023.211
32023.6
32056.211
32056.6
32190.211
32190.6
32365.211
32365.6
32455.211
32455.6
32599.211
32599.6
32882.211
32882.6
33113.211
33113.6
33247.211
33247.6
33528.211
33528.6
34123.212
34123.6
34189.2
34189.4
34389.3
34412.5
34528.4
34530.5
34532.4
34534.5
34544.4
34547.5
34576.4
34767.5
34838.4
34843.5
35189.1
35491.6
36093.212
36093.6
36148.2
36148.4
36348.3
36381.5
36529.4
36544.5
36567.4
36795.5
36801.4
36808.5
37148.1
37409.4
37524.5
37802.6
37924.4
38007.5
38168.212
38168.6
38229.2
38229.4
38429.3
38458.5
38618.4
38625.5
38637.4
38874.5
38908.4
38967.5
39229.1
39597.6
39680.211
39680.6
40265.212
40265.6
40329.2
40329.4
40529.3
40555.5
40727.4
40736.5
40740.4
40896.5
41284.6
41329.1
41430.6
41533.211
41533.6
41702.211
41702.6
42114.212
42114.6
42312.2
42312.4
42512.3
42538.5
42708.4
42885.5
43041.4
43083.5
43109.4
43113.5
43312.1
43578.6
43678.211
43678.6
44238.212
44238.6
44459.2
44459.4
44659.3
44674.5
44915.4
45123.5
45320.4
45350.5
45352.4
45356.5
45459.1
45757.6
46034.211
46034.6
46112.211
46112.6
46240.4
46280.5
46374.211
46374.6
46680.212
46680.6
46799.2
46799.4
46999.3
47030.5
47247.4
47254.5
47259.4
47455.5
47734.6
47799.1
47987.6
48160.211
48160.6
48176.211
48176.6
48437.211
48437.6
48528.211
48528.6
48556.211
48556.6
48922.212
48922.6
48978.2
48978.4
49178.3
49213.5
49218.4
49220.5
49222.4
49223.5
49412.4
49414.5
49415.4
49439.5
49443.4
49447.5
49448.4
49629.5
49978.1
50897.6
50934.211
50934.6
51203.211
51203.6
51342.211
51342.6
51364.211
51364.6
51460.211
51460.6
51781.212
51781.6
51852.2
51852.4
52052.3
52089.5
52323.4
52508.5
52852.1
53391.6
53433.211
53433.6
53519.211
53519.6
53552.211
53552.6
53653.211
53653.6
53719.211
53719.6
53746.211
53746.6
53785.211
53785.6
54019.211
54019.6
54079.211
54079.6
54163.211
54163.6
54214.211
54214.6
54270.211
54270.6
54360.211
54360.6
54497.211
54497.6
54987.212
54987.6
55049.2
55049.4
55249.3
55285.5
55289.4
55292.5
55517.4
55663.5
56049.1
56473.6
56611.211
56611.6
56733.211
56733.6
56901.211
56901.6
57057.211
57057.6
57248.211
57248.6
57310.211
57310.6
57414.211
57414.6
57476.211
57476.6
57686.211
57686.6
57765.211
57765.6
57920.211
57920.6
58005.211
58005.6
58125.211
58125.6
58442.212
58442.6
58496.2
58496.4
58696.3
58720.5
58951.4
59115.5
59201.4
59233.5
59496.1
59950.6
60163.211
60163.6
60180.211
60180.6
61908.212
61908.6
61973.2
61973.4
62173.3
62201.5
62203.4
62205.5
62426.4
62598.5
62837.6
62973.1
63228.6
63281.211
63281.6
63359.211
63359.6
63505.211
63505.6
64140.212
64140.6
64204.2
64204.4
64404.3
64429.5
64633.4
64638.5
64683.4
64852.5
65204.1
65440.6
65570.211
65570.6
65729.211
65729.6
65892.211
65892.6
65991.211
65991.6
66082.211
66082.6
66344.211
66344.6
66505.211
66505.6
66738.211
66738.6
66887.211
66887.6
66922.211
66922.6
67126.211
67126.6
67295.211
67295.6
67320.211
67320.6
67438.211
67438.6
67554.211
67554.6
67697.211
67697.6
67753.211
67753.6
67819.211
67819.6
67956.211
67956.6
68128.211
68128.6
68253.211
68253.6
68299.211
68299.6
68404.211
68404.6
68608.211
68608.6
68932.4
68975.5
69065.212
69065.6
69112.2
69112.4
69312.3
69347.5
69564.4
69719.5
70112.1
70267.6
70857.212
70857.6
70936.2
70936.4
70949.5
70972.4
71136.3
71159.5
71397.4
71555.5
71936.1
72188.6
72213.211
72213.6
72316.211
72316.6
72428.211
72428.6
72584.211
72584.6
72671.211
72671.6
72776.211
72776.6
72977.4
72999.5
73001.4
73186.5
73192.4
73193.5
74049.8
74666.212
74666.6
74723.2
74723.4
74923.3
74952.5
75155.4
75303.5
75723.1
75723.6
76103.6
76560.212
76560.6
76626.2
76626.4
76826.3
76858.5
77043.4
77047.5
77090.4
77092.5
77098.4
77321.5
77626.1
77985.6
78158.211
78158.6
78619.212
78619.6
78687.2
78687.4
78887.3
78905.5
79150.4
79301.5
79631.4
79680.5
79687.1
79841.6
79879.211
79879.6
80082.211
80082.6
80136.4
80151.5
80258.211
80258.6
80316.211
80316.6
80670.212
80670.6
80730.2
80730.4
80930.3
80962.5
81127.4
81129.5
81193.4
81369.5
81730.1
81992.6
82069.211
82069.6
82105.211
82105.6
82205.211
82205.6
82247.211
82247.6
82383.211
82383.6
82544.211
82544.6
82675.211
82675.6
82800.211
82800.6
82843.211
82843.6
82992.211
82992.6
83171.211
83171.6
83214.211
83214.6
83263.211
83263.6
83506.211
83506.6
83639.211
83639.6
83743.211
83743.6
83789.211
83789.6
83873.211
83873.6
83968.211
83968.6
84059.211
84059.6
84205.211
84205.6
84351.211
84351.6
84423.211
84423.6
84507.211
84507.6
84646.211
84646.6
84986.212
84986.6
85049.2
85049.4
85249.3
85272.5
85504.4
85655.5
86049.1
86249.6
86364.211
86364.6
87643.212
87643.6
87714.2
87714.4
87914.3
87950.5
88335.4
88472.5
88714.1
88926.6
89032.211
89032.6
89151.211
89151.6
89629.212
89629.6
89689.2
89689.4
89889.3
89917.5
90138.4
90267.5
90689.1
91367.6
91523.211
91523.6
91744.211
91744.6
91871.211
91871.6
91941.211
91941.6
91990.211
91990.6
92113.211
92113.6
92235.211
92235.6
92492.211
92492.6
92536.211
92536.6
92587.211
92587.6
92619.211
92619.6
92670.211
92670.6
92945.211
92945.6
93106.211
93106.6
93278.211
93278.6
93372.4
93392.5
93597.212
93597.6
93651.2
93651.4
93851.3
93872.5
94158.4
94313.5
94651.1
94978.6
95109.211
95109.6
95199.211
95199.6
95272.211
95272.6
95592.212
95592.6
95652.2
95652.4
95852.3
95865.5
96125.4
96275.5
96528.4
96581.5
96597.4
96652.1
96673.5
96974.6
97046.211
97046.6
97090.211
97090.6
97155.211
97155.6
97261.211
97261.6
97384.211
97384.6
97504.211
97504.6
98446.212
98446.6
98512.2
98512.4
98712.3
98740.5
99023.4
99253.5
99512.1
99797.6
99913.211
99913.6
99959.211
99959.6
99987.211
99987.6
100093.211
100093.6
100299.211
100299.6
100804.212
100804.6
100867.2
100867.4
101067.3
101102.5
101324.4
101332.5
101337.4
101341.5
101342.4
101501.5
101502.4
101587.5
101867.1
102090.6
102228.211
102228.6
102297.4
102361.5
102513.211
102513.6
102623.211
102623.6
102777.211
102777.6
102903.211
102903.6
102962.211
102962.6
103114.211
103114.6
103273.211
103273.6
103545.211
103545.6
103592.211
103592.6
103948.212
103948.6
104011.2
104011.4
104211.3
104239.5
104506.4
104639.5
105011.1
105303.6
105399.211
105399.6
105611.211
105611.6
105700.211
105700.6
105881.211
105881.6
106032.211
106032.6
106348.212
106348.6
106419.2
106419.4
106619.3
106649.5
106847.4
106848.5
106852.4
106860.5
106908.4
107071.5
107419.1
107842.6
107935.211
107935.6
114542.212
114542.6
114610.2
114610.4
114810.3
114838.5
114840.4
114847.5
115035.4
115041.5
115045.4
115054.5
115078.4
115184.5
115610.1
116640.4
116675.5
116878.6
117054.211
117054.6
117207.211
117207.6
117326.211
117326.6
117688.212
117688.6
117760.2
117760.4
117763.5
117766.4
117960.3
117988.5
118241.4
118242.5
118294.4
118455.5
118760.1
119923.6
120472.212
120472.6
120531.2
120531.4
120533.5
120535.4
120731.3
120764.5
121014.4
121180.5
121531.1
122436.6
122565.211
122565.6
123647.212
123647.6
123704.2
123704.4
123904.3
123939.5
124188.4
124327.5
124704.1
125097.8
125257.4
125274.5
125303.4
125316.5
125699.6
125767.211
125767.6
125842.211
125842.6
126092.211
126092.6
126402.212
126402.6
126469.2
126469.4
126669.3
126698.5
127053.4
127242.5
127258.4
127269.5
127326.4
127390.5
127469.1
127655.6
127734.211
127734.6
127769.211
127769.6
127777.211
127777.6
128077.211
128077.6
128253.211
128253.6
128308.211
128308.6
128334.211
128334.6
128405.211
128405.6
128471.211
128471.6
128956.212
128956.6
129014.2
129014.4
129214.3
129234.5
129520.4
129844.5
129861.4
129864.5
130014.1
130254.6
130359.211
130359.6
130428.211
130428.6
130952.212
130952.6
131003.2
131003.4
131203.3
131235.5
131491.4
131493.5
131516.4
131674.5
132003.1
132660.6
132890.211
132890.6
132906.211
132906.6
132966.211
132966.6
132988.211
132988.6
133115.211
133115.6
133309.211
133309.6
133407.211
133407.6
133460.211
133460.6
133598.211
133598.6
134347.212
134347.6
134399.2
134399.4
134599.3
134624.5
134919.4
135070.5
135399.1
135957.6
136422.212
136422.6
136489.2
136489.4
136689.3
136720.5
136996.4
137147.5
137489.1
137991.6
138190.211
138190.6
138258.211
138258.6
138391.211
138391.6
138455.211
138455.6
138772.212
138772.6
138832.2
138832.4
139032.3
139058.5
139288.4
139291.5
139362.4
139530.5
139832.1
141347.6
141441.211
141441.6
141615.211
141615.6
142009.212
142009.6
142080.2
142080.4
142280.3
142309.5
142625.4
142778.5
143080.1
143283.6
143409.211
143409.6
143500.211
143500.6
143577.211
143577.6
143634.211
143634.6
144046.212
144046.6
144103.2
144103.4
144303.3
144333.5
144334.4
144336.5
144693.4
144846.5
145103.1
146230.6
146313.211
146313.6
146524.211
146524.6
146665.211
146665.6
147004.212
147004.6
147064.2
147064.4
147264.3
147295.5
147600.4
147747.5
148064.1
148474.6
148589.211
148589.6
148671.211
148671.6
148785.211
148785.6
148998.211
148998.6
149138.211
149138.6
149268.211
149268.6
149406.211
149406.6
149455.211
149455.6
149490.211
149490.6
149986.212
149986.6
150056.2
150056.4
150256.3
150286.5
150289.4
150295.5
150507.4
150513.5
151056.1
151469.6
151564.211
151564.6
151839.211
151839.6
151958.211
151958.6
152049.211
152049.6
152374.212
152374.6
152433.2
152433.4
152633.3
152662.5
152929.4
153082.5
153433.1
153529.8
154373.6
154411.211
154411.6
154631.211
154631.6
154738.211
154738.6
154993.211
154993.6
155243.211
155243.6
155282.211
155282.6
155329.211
155329.6
155653.212
155653.6
155722.2
155722.4
155922.3
155954.5
156260.4
156414.5
156642.4
156706.5
156722.1
157125.6
157628.212
157628.6
157695.2
157695.4
157696.5
157699.4
157895.3
157919.5
158216.4
158394.5
158486.4
158494.5
158695.1
159415.6
159492.211
159492.6
160240.4
160509.5
160515.4
160538.5
161208.212
161208.6
161286.2
161286.4
161486.3
161514.5
161798.4
161862.5
161879.4
162037.5
162286.1
162580.6
162966.212
162966.6
163035.2
163035.4
163235.3
163263.5
163499.4
163501.5
163503.4
163504.5
163539.4
163697.5
164035.1
168145.4
168203.5
168467.6
168653.211
168653.6
168714.211
168714.6
168734.211
168734.6
168832.211
168832.6
168978.211
168978.6
169010.211
169010.6
169081.211
169081.6
169219.211
169219.6
169377.211
169377.6
169495.211
169495.6
169549.211
169549.6
169609.211
169609.6
169623.211
169623.6
169865.211
169865.6
169955.211
169955.6
170188.211
170188.6
170931.212
170931.6
170990.2
170990.4
171190.3
171221.5
171494.4
171503.5
171990.1
172893.6
173761.212
173761.6
173823.2
173823.4
174023.3
174056.5
174335.4
174485.5
174823.1
175639.6
176428.212
176428.6
176491.2
176491.4
176691.3
176718.5
177098.4
177246.5
177491.1
178011.6
178997.212
178997.6
179068.2
179068.4
179268.3
179295.5
179593.4
180000.9
123456789
4
08
17
4
08
17
0
0
0
8
14
26
24
14
59
23
6
2
1385
0
0
0
314159265
65
2
220
180000
314159265
0.1
245.6
336.211
336.6
446.211
446.6
461.211
461.6
870.4
892.5
1136.6
1137.212
1150.6
1209.2
1209.4
1409.2
1441.5
1449.4
1452.5
1484.4
1493.5
1497.4
1501.5
1502.4
1505.5
1510.4
1547.5
1549.4
1752.5
1768.4
1809.3
1921.5
2182.6
2196.6
2209.1
2355.6
2461.211
2461.6
2540.211
2540.6
2633.211
2633.6
2758.211
2758.6
2853.211
2853.6
3167.6
3168.212
3236.2
3236.4
3436.2
3473.5
3485.4
3486.5
3577.4
3583.5
3606.4
3818.5
3836.3
4236.1
4287.6
4345.211
4345.6
4430.211
4430.6
4523.211
4523.6
4650.211
4650.6
4831.211
4831.6
5009.211
5009.6
5244.211
5244.6
5293.211
5293.6
5433.211
5433.6
5538.4
5567.5
5581.4
5583.5
5735.6
5736.212
5801.2
5801.4
6001.2
6031.5
6206.4
6401.3
6405.5
6744.6
6801.1
6921.6
7082.211
7082.6
7167.211
7167.6
7324.211
7324.6
7604.211
7604.6
7839.211
7839.6
7858.211
7858.6
7987.211
7987.6
8339.6
8340.212
8420.2
8420.4
8620.2
8648.5
8843.4
8849.5
8856.4
8858.5
8860.4
9020.3
9058.5
9420.1
9511.6
9612.211
9612.6
9670.211
9670.6
9822.211
9822.6
9836.211
9836.6
10196.6
10197.212
10256.2
10256.4
10456.2
10476.5
10477.4
10479.5
10671.4
10682.5
10684.4
10856.3
10866.5
11256.1
11391.6
11498.211
11498.6
11809.6
11810.212
11868.2
11868.4
12068.2
12099.5
12248.4
12252.5
12305.4
12468.3
12489.5
12668.4
12739.5
12776.4
12791.5
12868.1
13004.6
13156.211
13156.6
13483.6
13484.212
13549.2
13549.4
13749.2
13766.5
13972.4
13976.5
13984.4
14149.3
14151.5
14549.1
14596.6
14641.211
14641.6
15031.6
15032.212
15090.2
15090.4
15290.2
15326.5
15515.4
15522.5
15557.4
15690.3
15738.5
16090.1
16093.6
16320.211
16320.6
16460.211
16460.6
16684.211
16684.6
16749.211
16749.6
17482.6
17483.212
17557.2
17557.4
17757.2
17772.5
18058.4
18157.3
18261.5
18557.1
18717.4
18737.5
18738.4
18756.5
18871.6
19001.211
19001.6
19120.211
19120.6
19236.211
19236.6
19398.211
19398.6
19422.211
19422.6
19546.211
19546.6
19702.211
19702.6
19965.211
19965.6
20000.211
20000.6
20263.211
20263.6
20347.211
20347.6
20433.211
20433.6
20677.211
20677.6
20780.211
20780.6
20883.211
20883.6
21008.211
21008.6
21025.211
21025.6
21552.6
21553.212
21617.2
21617.4
21817.2
21837.5
22057.4
22205.5
22217.3
22617.1
23188.6
23282.211
23282.6
23466.211
23466.6
23770.6
23771.212
23829.2
23829.4
24029.2
24061.5
24269.4
24272.5
24292.4
24429.3
24443.5
24829.1
25158.6
25288.211
25288.6
25556.211
25556.6
25574.211
25574.6
25757.211
25757.6
26006.211
26006.6
26267.211
26267.6
26332.211
26332.6
26574.211
26574.6
26689.211
26689.6
27010.6
27011.212
27080.2
27080.4
27280.2
27315.5
27414.4
27419.5
27578.4
27680.3
27743.5
28080.1
28165.6
28399.211
28399.6
28415.211
28415.6
28541.211
28541.6
28784.211
28784.6
29051.211
29051.6
29209.211
29209.6
29377.211
29377.6
29746.6
29747.212
29821.2
29821.4
30021.2
30042.5
30287.4
30421.3
30486.5
30821.1
31160.6
31490.6
31491.212
31551.2
31551.4
31751.2
31767.5
31995.4
32003.5
32005.4
32016.5
32017.4
32151.3
32190.5
32551.1
32880.6
33169.211
33169.6
33314.211
33314.6
33432.4
33490.5
33503.4
33506.5
33912.6
33913.212
33984.2
33984.4
34184.2
34188.5
34486.4
34584.3
34627.5
34984.1
35165.6
35372.211
35372.6
35509.211
35509.6
35868.6
35869.212
35929.2
35929.4
36129.2
36158.5
36419.4
36427.5
36433.4
36529.3
36580.5
36929.1
37271.6
37562.211
37562.6
37893.6
37894.212
37956.2
37956.4
38156.2
38183.5
38475.4
38556.3
38618.5
38956.1
39479.6
39533.211
39533.6
39673.211
39673.6
40008.6
40009.212
40060.2
40060.4
40260.2
40281.5
40540.4
40660.3
40688.5
41060.1
41218.6
41305.211
41305.6
41677.6
41678.212
41740.2
41740.4
41940.2
41962.5
42300.4
42340.3
42449.5
42740.1
42918.6
43212.211
43212.6
43327.211
43327.6
43512.211
43512.6
43782.211
43782.6
43943.211
43943.6
43968.211
43968.6
44086.211
44086.6
44131.211
44131.6
44330.211
44330.6
44524.211
44524.6
44828.6
44829.212
44886.2
44886.4
45086.2
45119.5
45367.4
45486.3
45506.5
45886.1
46129.6
46510.6
46511.212
46571.2
46571.4
46771.2
46789.5
47026.4
47032.5
47070.4
47171.3
47227.5
47236.4
47241.5
47242.4
47244.5
47571.1
48130.6
49667.6
49668.212
49729.2
49729.4
49730.5
49731.4
49929.2
49946.5
50276.4
50329.3
50432.5
50729.1
51778.6
51899.211
51899.6
52194.211
52194.6
52269.211
52269.6
52450.211
52450.6
52495.211
52495.6
52724.211
52724.6
52799.211
52799.6
52952.211
52952.6
53059.211
53059.6
53216.211
53216.6
53319.211
53319.6
53595.211
53595.6
53672.211
53672.6
53781.211
53781.6
53934.4
53937.5
53944.4
53972.5
54143.6
54144.212
54204.2
54204.4
54404.2
54436.5
54524.4
54526.5
54714.4
54804.3
54938.5
55204.1
55403.6
55635.211
55635.6
55898.211
55898.6
56012.211
56012.6
56079.211
56079.6
56195.211
56195.6
56608.6
56609.212
56673.2
56673.4
56873.2
56892.5
57193.4
57273.3
57337.5
57673.1
58575.6
58711.211
58711.6
58876.211
58876.6
59215.6
59216.212
59272.2
59272.4
59472.2
59509.5
59789.4
59872.3
59914.5
60272.1
60414.8
60744.6
61563.6
61564.212
61624.2
61624.4
61824.2
61853.5
62177.4
62224.3
62307.5
62624.1
62759.6
62849.211
62849.6
62937.211
62937.6
63142.211
63142.6
63168.211
63168.6
63399.211
63399.6
63578.211
63578.6
63841.211
63841.6
63920.211
63920.6
64174.211
64174.6
64183.211
64183.6
64271.211
64271.6
64398.211
64398.6
64546.4
64565.5
64574.4
64578.5
64764.6
64765.212
64820.2
64820.4
65020.2
65042.5
65419.4
65420.3
65548.5
65820.1
66305.6
66481.211
66481.6
66634.211
66634.6
66862.211
66862.6
67032.211
67032.6
67296.211
67296.6
67369.211
67369.6
67635.211
67635.6
67685.211
67685.6
67834.211
67834.6
68091.211
68091.6
68135.211
68135.6
68771.6
68772.212
68826.2
68826.4
69026.2
69055.5
69295.4
69300.5
69343.4
69426.3
69469.5
69826.1
70114.6
70221.211
70221.6
70314.211
70314.6
70548.211
70548.6
70684.211
70684.6
70997.6
70998.212
71064.2
71064.4
71264.2
71288.5
71654.4
71664.3
71781.5
72064.1
72325.6
72347.211
72347.6
72748.6
72749.212
72840.2
72840.4
73040.2
73041.5
73058.4
73060.5
73212.4
73213.5
73300.4
73423.5
73425.4
73440.3
73469.5
73840.1
74214.6
74613.6
74614.212
74679.2
74679.4
74879.2
74901.5
75199.4
75279.3
75335.5
75388.4
75390.5
75397.4
75511.5
75679.1
76022.6
76162.211
76162.6
76402.211
76402.6
76568.211
76568.6
76799.4
76841.5
76847.4
76863.5
76876.4
76967.5
77292.6
77293.212
77353.2
77353.4
77553.2
77578.5
77893.4
77953.3
78145.5
78353.1
78773.6
78971.211
78971.6
79093.211
79093.6
79339.211
79339.6
79363.211
79363.6
79672.6
79673.212
79738.2
79738.4
79938.2
79964.5
80221.4
80227.5
80243.4
80254.5
80258.4
80338.3
80403.5
80738.1
81601.6
81762.211
81762.6
82054.211
82054.6
82203.211
82203.6
82543.6
82544.212
82611.2
82611.4
82811.2
82843.5
83120.4
83211.3
83260.5
83611.1
84206.6
84276.211
84276.6
84604.6
84605.212
84663.2
84663.4
84863.2
84879.5
85123.4
85129.5
85131.4
85141.5
85150.4
85263.3
85294.5
85344.4
85367.5
85374.4
85379.5
85663.1
86355.6
86761.6
86762.212
86824.2
86824.4
86825.5
86826.4
87024.2
87053.5
87390.4
87424.3
87539.5
87545.4
87548.5
87824.1
88930.6
89208.211
89208.6
89310.211
89310.6
89609.211
89609.6
89911.6
89912.212
89972.2
89972.4
90172.2
90207.5
90537.4
90572.3
90679.5
90972.1
91524.6
91839.6
91840.212
91902.2
91902.4
92102.2
92128.5
92130.4
92137.5
92427.4
92502.3
92593.5
92902.1
94616.6
94719.211
94719.6
94947.211
94947.6
95243.211
95243.6
95352.211
95352.6
95561.211
95561.6
95810.211
95810.6
95879.211
95879.6
95941.211
95941.6
96021.211
96021.6
96099.211
96099.6
96274.211
96274.6
96528.211
96528.6
96636.211
96636.6
96795.211
96795.6
96930.211
96930.6
97142.211
97142.6
97190.211
97190.6
97449.211
97449.6
97915.6
97916.212
97970.2
97970.4
98170.2
98194.5
98558.4
98570.3
98717.5
98970.1
99239.6
99430.211
99430.6
100098.6
100099.212
100167.2
100167.4
100367.2
100397.5
100767.3
100808.4
100935.5
101167.1
101180.4
101209.5
101831.6
101925.211
101925.6
102214.211
102214.6
102305.211
102305.6
102403.211
102403.6
102562.211
102562.6
102835.211
102835.6
103008.211
103008.6
103118.211
103118.6
103419.6
103420.212
103474.2
103474.4
103674.2
103705.5
104044.4
104074.3
104158.5
104474.1
105103.6
105473.6
105474.212
105547.2
105547.4
105747.2
105772.5
106061.4
106147.3
106183.5
106547.1
107044.6
107280.211
107280.6
107617.6
107618.212
107682.2
107682.4
107882.2
107893.5
108147.4
108152.5
108154.4
108282.3
108282.5
108682.1
109391.6
109690.4
109717.5
109926.6
109927.212
109983.2
109983.4
110183.2
110209.5
110472.4
110583.3
110622.5
110983.1
112115.6
112358.211
112358.6
112478.211
112478.6
112579.211
112579.6
112669.211
112669.6
112850.211
112850.6
113109.211
113109.6
113178.211
113178.6
113425.211
113425.6
113617.211
113617.6
113647.211
113647.6
113862.211
113862.6
114339.6
114340.212
114394.2
114394.4
114594.2
114625.5
114941.4
114994.3
115102.5
115394.1
116557.4
116589.5
116914.6
117068.211
117068.6
117380.6
117381.212
117436.2
117436.4
117636.2
117658.5
118026.4
118036.3
118158.5
118436.1
119042.6
119390.6
119391.212
119451.2
119451.4
119651.2
119679.5
119944.4
119946.5
119969.4
120051.3
120081.5
120451.1
121206.4
121253.5
121287.4
121296.5
121310.4
121605.5
121634.4
121834.5
122155.6
122312.211
122312.6
122578.211
122578.6
122812.211
122812.6
123038.211
123038.6
123268.211
123268.6
123336.211
123336.6
123660.6
123661.212
123723.2
123723.4
123923.2
123952.5
124027.4
124029.5
124313.4
124323.3
124458.5
124723.1
125368.6
125801.6
125802.212
125882.2
125882.4
126082.2
126106.5
126246.4
126247.5
126358.4
126363.5
126390.4
126482.3
126551.5
126882.1
127887.6
128208.6
128209.212
128261.2
128261.4
128461.2
128488.5
128681.4
128684.5
128742.4
128861.3
128886.5
129261.1
130066.6
130444.6
130445.212
130549.2
130549.4
130749.2
130754.5
131049.4
131149.3
131181.5
131549.1
132298.6
132674.6
132675.212
132742.2
132742.4
132942.2
132966.5
133273.4
133342.3
133439.5
133534.4
133537.5
133742.1
134215.8
134429.4
134444.5
134511.4
134536.5
134930.4
134962.5
135052.4
135203.5
135379.6
135501.211
135501.6
135598.211
135598.6
135998.6
135999.212
136069.2
136069.4
136269.2
136295.5
136615.4
136669.3
136782.5
137069.1
137964.6
138046.211
138046.6
138164.211
138164.6
138277.211
138277.6
138491.211
138491.6
138818.6
138819.212
138895.2
138895.4
139095.2
139120.5
139495.3
139525.4
139528.5
139529.4
139653.5
139895.1
141742.6
141995.211
141995.6
142325.6
142326.212
142392.2
142392.4
142592.2
142619.5
142992.3
143007.4
143011.5
143029.4
143182.5
143392.1
143927.6
144222.211
144222.6
144368.211
144368.6
144503.211
144503.6
144673.211
144673.6
144808.211
144808.6
144948.211
144948.6
145225.211
145225.6
145602.6
145603.212
145657.2
145657.4
145857.2
145879.5
146222.4
146227.5
146257.3
146287.4
146456.5
146657.1
147874.6
148163.211
148163.6
148692.6
148693.212
148761.2
148761.4
148961.2
148994.5
149361.3
149442.4
149570.5
149761.1
151507.6
151633.211
151633.6
151954.6
151955.212
152029.2
152029.4
152229.2
152259.5
152587.4
152594.5
152626.4
152629.3
152770.5
153029.1
153527.4
153571.5
153602.4
153706.5
153949.6
154087.211
154087.6
154278.211
154278.6
154557.211
154557.6
154618.211
154618.6
154984.6
154985.212
155055.2
155055.4
155255.2
155277.5
155281.4
155285.5
155626.4
155655.3
155752.5
156055.1
157241.6
157287.211
157287.6
157396.211
157396.6
157538.211
157538.6
158085.6
158086.212
158157.2
158157.4
158357.2
158374.5
158757.3
158817.4
159073.5
159157.1
160714.4
160732.5
160769.4
160771.5
160805.4
160809.5
160902.4
160964.5
160984.4
161024.5
161345.6
161458.211
161458.6
161577.211
161577.6
161869.211
161869.6
161918.211
161918.6
162044.211
162044.6
162221.211
162221.6
162358.211
162358.6
162624.211
162624.6
162818.211
162818.6
162845.211
162845.6
163098.211
163098.6
163218.211
163218.6
163295.211
163295.6
163528.211
163528.6
163891.6
163892.212
163957.2
163957.4
164157.2
164178.5
164179.4
164183.5
164517.4
164518.5
164519.4
164557.3
164655.5
164957.1
166313.6
167275.6
167276.212
167343.2
167343.4
167543.2
167558.5
167840.4
167943.3
167975.5
168343.1
171857.4
171891.5
172413.6
172481.211
172481.6
172594.211
172594.6
172657.211
172657.6
172819.211
172819.6
172863.211
172863.6
173090.211
173090.6
173142.211
173142.6
173359.211
173359.6
173722.6
173723.212
173796.2
173796.4
173996.2
174017.5
174392.4
174396.3
174516.5
174796.1
175461.6
176190.6
176191.212
176269.2
176269.4
176469.2
176485.5
176869.3
176886.4
177020.5
177269.1
178623.6
179335.6
179336.212
179402.2
179402.4
179602.2
179624.5
179931.4
179932.5
180000.9
123456789
4
09
17
4
09
17
0
0
0
8
14
30
38
15
03
39
6
2
1319
0
0
0
314159265
63
4
193
180000
314159265
0.1
247.6
338.211
338.6
565.211
565.6
1144.6
1145.212
1208.2
1208.4
1408.2
1437.5
1517.4
1520.5
1570.4
1575.5
1583.4
1808.3
1808.5
1812.4
1822.5
1829.4
1840.5
2208.1
2390.6
2639.211
2639.6
2810.211
2810.6
3140.6
3141.212
3207.2
3207.4
3407.2
3438.5
3573.4
3577.5
3578.4
3580.5
3584.4
3807.3
3829.5
4207.1
4371.6
4601.211
4601.6
4797.211
4797.6
5106.6
5107.212
5174.2
5174.4
5374.2
5405.5
5587.4
5592.5
5599.4
5774.3
5794.5
6174.1
6261.6
7009.6
7010.212
7076.2
7076.4
7276.2
7295.5
7563.4
7676.3
7746.5
8076.1
8228.6
8441.211
8441.6
8656.211
8656.6
8888.211
8888.6
9173.211
9173.6
9561.6
9562.212
9628.2
9628.4
9828.2
9864.5
10086.4
10228.3
10256.5
10425.4
10436.5
10628.1
10991.6
11159.211
11159.6
11367.211
11367.6
11793.6
11794.212
11866.2
11866.4
12066.2
12091.5
12352.4
12466.3
12493.5
12571.4
12576.5
12866.1
13019.6
13245.211
13245.6
13602.6
13603.212
13673.2
13673.4
13873.2
13902.5
14218.4
14273.3
14389.5
14673.1
14862.6
15143.211
15143.6
15359.211
15359.6
15644.211
15644.6
15876.211
15876.6
16010.4
16016.5
16116.211
16116.6
16139.211
16139.6
16275.211
16275.6
16470.211
16470.6
16743.211
16743.6
16832.211
16832.6
17006.211
17006.6
17240.211
17240.6
17470.211
17470.6
17798.6
17799.212
17869.2
17869.4
18069.2
18095.5
18299.4
18302.5
18347.4
18469.3
18519.5
18869.1
19359.6
19463.211
19463.6
19872.6
19873.212
19934.2
19934.4
20134.2
20155.5
20370.4
20534.3
20559.5
20934.1
21062.6
21259.211
21259.6
21457.211
21457.6
21793.6
21794.212
21853.2
21853.4
22053.2
22070.5
22395.4
22453.3
22584.5
22853.1
23215.6
23325.211
23325.6
23442.211
23442.6
23580.211
23580.6
23851.211
23851.6
23932.211
23932.6
24566.6
24567.212
24632.2
24632.4
24832.2
24861.5
25136.4
25232.3
25313.5
25632.1
26095.6
27189.6
27190.212
27271.2
27271.4
27471.2
27494.5
27815.4
27871.3
27971.5
28271.1
29506.6
29785.211
29785.6
29960.211
29960.6
30127.211
30127.6
30315.211
30315.6
31011.6
31012.212
31083.2
31083.4
31283.2
31311.5
31585.4
31683.3
31720.5
31813.4
31828.5
31841.4
31934.5
31945.4
31947.5
31961.4
32037.5
32083.1
32374.6
32455.211
32455.6
32587.211
32587.6
32800.211
32800.6
32827.211
32827.6
32871.211
32871.6
32931.211
32931.6
33613.6
33614.212
33677.2
33677.4
33877.2
33903.5
34162.4
34277.3
34296.5
34677.1
35294.6
35389.211
35389.6
35561.211
35561.6
35665.211
35665.6
35751.211
35751.6
35955.211
35955.6
36049.211
36049.6
36155.211
36155.6
36384.211
36384.6
36414.211
36414.6
36594.211
36594.6
36834.211
36834.6
36954.211
36954.6
37132.211
37132.6
37404.211
37404.6
37741.6
37742.212
37823.2
37823.4
37824.5
37828.4
37829.5
37831.4
38023.2
38050.5
38277.4
38282.5
38310.4
38423.3
38461.5
38823.1
39040.6
39145.4
39186.5
39203.4
39232.5
39339.211
39339.6
39481.211
39481.6
39743.211
39743.6
40006.211
40006.6
40091.211
40091.6
40258.211
40258.6
40271.211
40271.6
40447.211
40447.6
40758.6
40759.212
40817.2
40817.4
41017.2
41049.5
41323.4
41417.3
41479.5
41817.1
42007.6
42310.6
42311.212
42385.2
42385.4
42585.2
42599.5
42883.4
42925.5
42930.4
42938.5
42945.4
42985.3
43123.5
43385.1
43607.6
43736.211
43736.6
43863.211
43863.6
44062.211
44062.6
44354.211
44354.6
44451.211
44451.6
44585.211
44585.6
44771.211
44771.6
45003.211
45003.6
45212.211
45212.6
45279.211
45279.6
45449.211
45449.6
45759.6
45760.212
45820.2
45820.4
46020.2
46047.5
46268.4
46271.5
46316.4
46420.3
46459.5
46528.4
46539.5
46571.4
46578.5
46583.4
46631.5
46820.1
46999.6
47249.211
47249.6
47509.211
47509.6
47657.211
47657.6
47883.211
47883.6
48147.211
48147.6
48353.211
48353.6
48589.211
48589.6
48978.6
48979.212
49053.2
49053.4
49253.2
49284.5
49534.4
49653.3
49681.5
49729.4
49774.5
50053.1
50544.6
50790.211
50790.6
51085.211
51085.6
51379.211
51379.6
51651.211
51651.6
51925.211
51925.6
52164.211
52164.6
52342.211
52342.6
52463.211
52463.6
52797.6
52798.212
52850.2
52850.4
53050.2
53085.5
53293.4
53302.5
53328.4
53450.3
53460.5
53850.1
53909.6
54031.211
54031.6
54052.211
54052.6
54304.211
54304.6
54526.211
54526.6
54787.211
54787.6
54870.211
54870.6
54951.211
54951.6
55985.6
55986.212
56041.2
56041.4
56241.2
56269.5
56435.4
56436.5
56442.4
56448.5
56479.4
56631.5
56641.3
57041.1
57101.4
57232.5
57404.6
57697.211
57697.6
58277.6
58278.212
58338.2
58338.4
58340.5
58341.4
58538.2
58560.5
58810.4
58811.5
58845.4
58938.3
58990.5
59338.1
59586.6
59910.6
59911.212
59982.2
59982.4
60182.2
60187.5
60556.4
60582.3
60692.5
60748.4
60762.5
60836.4
60930.5
60982.1
61460.6
61739.211
61739.6
61820.211
61820.6
62770.6
62771.212
62833.2
62833.4
63033.2
63052.5
63336.4
63346.5
63433.3
63619.4
63833.1
63889.5
63895.4
64035.5
64135.4
64217.5
64408.6
64432.211
64432.6
65340.6
65341.212
65424.2
65424.4
65624.2
65647.5
65944.4
66024.3
66095.5
66424.1
66776.6
66974.211
66974.6
67216.211
67216.6
67430.211
67430.6
67546.211
67546.6
67756.211
67756.6
67827.211
67827.6
67985.211
67985.6
68388.4
68400.5
68538.6
68539.212
68597.2
68597.4
68797.2
68822.5
69105.4
69108.5
69123.4
69197.3
69267.5
69597.1
70053.6
70244.211
70244.6
70576.6
70577.212
70644.2
70644.4
70844.2
70875.5
71202.4
71244.3
71375.5
71644.1
72078.6
72239.211
72239.6
72399.211
72399.6
72608.211
72608.6
72850.211
72850.6
73113.211
73113.6
73346.211
73346.6
73607.211
73607.6
73835.211
73835.6
73931.211
73931.6
74231.211
74231.6
74305.211
74305.6
74461.211
74461.6
74732.211
74732.6
74804.211
74804.6
74953.211
74953.6
75232.211
75232.6
75372.211
75372.6
75449.211
75449.6
75671.211
75671.6
75780.211
75780.6
75920.211
75920.6
76156.211
76156.6
76365.211
76365.6
76456.211
76456.6
76780.6
76781.212
76845.2
76845.4
77045.2
77079.5
77391.4
77445.3
77549.5
77559.4
77592.5
77845.1
78364.6
78560.211
78560.6
78720.211
78720.6
78951.211
78951.6
79335.6
79336.212
79403.2
79403.4
79603.2
79628.5
79955.4
80003.3
80086.5
80403.1
80593.6
80683.211
80683.6
80855.211
80855.6
81138.211
81138.6
81208.211
81208.6
81439.211
81439.6
81610.211
81610.6
81750.211
81750.6
82024.211
82024.6
82205.211
82205.6
82514.6
82515.212
82569.2
82569.4
82769.2
82800.5
83119.4
83169.3
83258.5
83569.1
83706.6
84009.6
84010.212
84082.2
84082.4
84282.2
84293.5
84616.4
84682.3
84759.5
85082.1
85268.6
85895.6
85896.212
85971.2
85971.4
86171.2
86189.5
86521.4
86571.3
86648.5
86657.4
86688.5
86779.4
86785.5
86787.4
86823.5
86971.1
87738.6
87937.211
87937.6
88122.211
88122.6
88444.6
88445.212
88517.2
88517.4
88717.2
88735.5
89117.3
89129.4
89267.5
89517.1
89864.6
90082.211
90082.6
90265.211
90265.6
90517.211
90517.6
90594.211
90594.6
90971.6
90972.212
91038.2
91038.4
91238.2
91263.5
91638.3
91643.4
91771.5
92038.1
92871.8
93077.4
93102.5
93582.6
93646.211
93646.6
93745.211
93745.6
94140.6
94141.212
94194.2
94194.4
94394.2
94416.5
94704.4
94710.5
94723.4
94794.3
94854.5
95194.1
95559.6
95787.211
95787.6
95992.211
95992.6
96251.211
96251.6
96351.211
96351.6
96569.211
96569.6
96808.211
96808.6
97093.211
97093.6
97323.4
97346.5
97471.6
97472.212
97495.6
97541.2
97541.4
97741.2
97772.5
98141.3
98244.4
98283.5
98306.4
98541.1
98542.5
98906.4
98936.5
98951.4
98972.5
99377.6
99536.211
99536.6
99759.211
99759.6
99929.211
99929.6
100198.211
100198.6
100298.211
100298.6
100634.6
100635.212
100699.2
100699.4
100899.2
100925.5
101245.4
101299.3
101367.5
101699.1
102220.6
102325.211
102325.6
102490.211
102490.6
102508.211
102508.6
102519.211
102519.6
102650.211
102650.6
102974.6
102975.212
103034.2
103034.4
103234.2
103260.5
103634.3
103696.4
103807.5
104034.1
106284.6
106360.211
106360.6
106823.6
106824.212
106899.2
106899.4
107099.2
107124.5
107499.3
107549.4
107689.5
107899.1
108455.6
108872.6
108873.212
108947.2
108947.4
109147.2
109171.5
109547.3
109613.4
109756.5
109891.4
109906.5
109947.1
110492.6
110691.211
110691.6
110784.211
110784.6
111204.6
111205.212
111269.2
111269.4
111469.2
111498.5
111869.3
111963.4
112004.5
112011.4
112142.5
112146.4
112226.5
112269.1
112985.6
113156.211
113156.6
113263.211
113263.6
113379.211
113379.6
113456.211
113456.6
113714.211
113714.6
114169.6
114170.212
114227.2
114227.4
114427.2
114458.5
114820.4
114827.3
114946.5
115227.1
115823.8
115934.8
116618.4
116635.5
116643.4
116656.5
116670.4
116760.5
117139.6
117199.211
117199.6
117507.6
117508.212
117576.2
117576.4
117776.2
117804.5
118132.4
118176.3
118265.5
118576.1
119593.6
119798.211
119798.6
119883.211
119883.6
120012.211
120012.6
120367.6
120368.212
120437.2
120437.4
120637.2
120659.5
121037.3
121136.4
121272.5
121437.1
121881.6
122111.211
122111.6
122338.211
122338.6
122654.6
122655.212
122720.2
122720.4
122920.2
122947.5
123320.3
123320.4
123448.5
123720.1
123796.4
123827.5
123864.4
123872.5
123873.4
123875.5
124073.6
124189.211
124189.6
124533.6
124534.212
124597.2
124597.4
124797.2
124812.5
125197.3
125368.4
125505.5
125597.1
126168.6
126297.211
126297.6
126429.211
126429.6
126721.211
126721.6
126958.211
126958.6
128224.6
128225.212
128294.2
128294.4
128494.2
128521.5
128894.3
128977.4
129140.5
129294.1
129902.6
129975.211
129975.6
130637.6
130638.212
130711.2
130711.4
130911.2
130930.5
131311.3
131351.4
131465.5
131711.1
132448.6
132484.211
132484.6
132666.211
132666.6
132680.211
132680.6
132939.211
132939.6
133184.211
133184.6
133437.211
133437.6
133815.6
133816.212
133874.2
133874.4
134074.2
134103.5
134474.3
134580.4
134586.5
134593.4
134713.5
134874.1
135180.6
136486.6
136487.212
136561.2
136561.4
136761.2
136777.5
137161.3
137561.1
137818.6
137904.211
137904.6
138053.211
138053.6
138224.211
138224.6
138393.211
138393.6
138585.211
138585.6
138974.6
138975.212
139040.2
139040.4
139240.2
139264.5
139628.4
139640.3
139757.5
140040.1
141198.6
141832.6
141833.212
141902.2
141902.4
142102.2
142132.5
142500.4
142502.3
142505.5
142562.4
142700.5
142902.1
144174.6
144524.6
144525.212
144581.2
144581.4
144781.2
144805.5
145181.3
145281.4
145283.5
145292.4
145296.5
145446.4
145507.5
145581.1
146546.6
146591.211
146591.6
146749.211
146749.6
147147.6
147148.212
147213.2
147213.4
147413.2
147445.5
147813.3
147951.4
147960.5
147972.4
148098.5
148213.1
149192.6
149304.211
149304.6
149676.6
149677.212
149738.2
149738.4
149938.2
149964.5
150338.3
150408.4
150435.5
150738.1
151264.6
151325.211
151325.6
151583.211
151583.6
151970.6
151971.212
152045.2
152045.4
152245.2
152276.5
152645.3
153045.1
153463.6
153726.211
153726.6
153867.211
153867.6
154133.211
154133.6
154215.211
154215.6
154408.211
154408.6
154708.211
154708.6
155005.211
155005.6
155093.211
155093.6
155335.211
155335.6
155385.211
155385.6
155695.6
155696.212
155773.2
155773.4
155973.2
156001.5
156373.3
156457.4
156458.5
156459.4
156577.5
156773.1
157377.6
157711.6
157712.212
157780.2
157780.4
157980.2
157998.5
158251.4
158253.5
158380.3
158581.4
158717.5
158780.1
159630.6
159699.211
159699.6
159986.211
159986.6
160062.211
160062.6
160130.211
160130.6
160287.211
160287.6
160783.6
160784.212
160849.2
160849.4
161049.2
161078.5
161449.3
161563.4
161600.5
161849.1
162477.6
162550.211
162550.6
162633.211
162633.6
162674.211
162674.6
162807.211
162807.6
163168.6
163169.212
163242.2
163242.4
163442.2
163474.5
163842.3
163887.4
163971.5
164242.1
166393.6
166453.211
166453.6
166722.211
166722.6
166861.211
166861.6
167147.211
167147.6
167213.211
167213.6
167394.211
167394.6
167669.211
167669.6
167738.211
167738.6
167981.211
167981.6
168095.211
168095.6
168409.6
168410.212
168467.2
168467.4
168667.2
168700.5
168730.4
168734.5
169037.4
169041.5
169042.4
169067.3
169168.5
169467.1
170348.8
170711.4
170724.5
170896.6
171093.211
171093.6
171382.211
171382.6
171498.211
171498.6
171628.211
171628.6
172009.6
172010.212
172079.2
172079.4
172279.2
172310.5
172641.4
172679.3
172768.5
173079.1
173740.6
173754.211
173754.6
174128.6
174129.212
174225.2
174225.4
174425.2
174440.5
174814.4
174825.3
175055.5
180000.9
123456789
4
10
17
4
10
17
0
0
0
8
14
19
37
14
52
37
6
2
1044
0
0
0
314159265
62
6
170
180000
314159265
0.1
281.6
352.211
352.6
624.211
624.6
686.211
686.6
1074.6
1075.212
1137.2
1137.4
1337.2
1370.5
1425.4
1427.5
1469.4
1473.5
1474.4
1487.5
1489.4
1500.5
1509.4
1513.5
1517.4
1674.5
1737.3
2137.1
2729.6
2788.211
2788.6
3016.211
3016.6
3265.211
3265.6
3581.6
3582.212
3640.2
3640.4
3840.2
3858.5
3978.4
3984.5
4022.4
4029.5
4034.4
4211.5
4240.3
4640.1
4750.6
4992.211
4992.6
5256.211
5256.6
5349.211
5349.6
5844.4
5852.5
5853.4
5871.5
5981.6
5982.212
6036.2
6036.4
6236.2
6268.5
6378.4
6380.5
6423.4
6567.5
6636.3
7036.1
7408.6
7435.211
7435.6
7642.211
7642.6
7663.211
7663.6
7991.6
7992.212
8055.2
8055.4
8255.2
8282.5
8416.4
8423.5
8435.4
8437.5
8446.4
8655.3
8796.5
9055.1
9573.4
9592.5
9889.6
9932.211
9932.6
10651.6
10652.212
10707.2
10707.4
10907.2
10934.5
11080.4
11082.5
11205.4
11307.3
11310.5
11707.1
12540.4
12788.5
13385.6
13539.211
13539.6
14564.6
14565.212
14632.2
14632.4
14832.2
14852.5
15051.4
15055.5
15061.4
15193.5
15232.3
15373.4
15382.5
15632.1
16252.8
16256.8
16583.6
16820.211
16820.6
17120.211
17120.6
17404.211
17404.6
17691.211
17691.6
17849.211
17849.6
17963.4
17966.5
18150.6
18151.212
18211.2
18211.4
18411.2
18440.5
18655.4
18657.5
18672.4
18811.3
18886.5
19211.1
19412.6
20921.6
20922.212
20991.2
20991.4
21191.2
21226.5
21474.4
21479.5
21490.4
21591.3
21657.5
21991.1
22470.6
22723.211
22723.6
23107.4
23129.5
23285.6
23286.212
23347.2
23347.4
23547.2
23563.5
23891.4
23947.3
24069.5
24073.4
24074.5
24347.1
24789.6
24872.211
24872.6
25121.211
25121.6
25649.6
25650.212
25703.2
25703.4
25903.2
25910.5
26203.4
26303.3
26345.5
26703.1
27262.6
27450.211
27450.6
27778.6
27779.212
27839.2
27839.4
28039.2
28065.5
28347.4
28439.3
28483.5
28839.1
29756.6
30095.6
30096.212
30159.2
30159.4
30359.2
30380.5
30674.4
30759.3
30841.5
31159.1
31297.6
31596.211
31596.6
32086.6
32087.212
32149.2
32149.4
32349.2
32369.5
32678.4
32749.3
32818.5
33149.1
34358.6
34551.211
34551.6
34805.211
34805.6
35225.6
35226.212
35293.2
35293.4
35493.2
35515.5
35518.4
35520.5
35821.4
35893.3
35959.5
36293.1
37124.6
37799.6
37800.212
37861.2
37861.4
38061.2
38086.5
38456.4
38461.3
38593.5
38861.1
39722.6
39839.211
39839.6
40216.6
40217.212
40281.2
40281.4
40481.2
40511.5
40801.4
40881.3
40941.5
41281.1
41830.6
41981.211
41981.6
42178.211
42178.6
42415.211
42415.6
42898.6
42899.212
42966.2
42966.4
43166.2
43194.5
43552.4
43566.3
43758.5
43966.1
44212.6
44486.211
44486.6
44613.211
44613.6
44851.211
44851.6
45107.211
45107.6
45365.211
45365.6
45588.211
45588.6
45785.4
45877.5
46054.6
46055.212
46106.2
46106.4
46306.2
46340.5
46616.4
46706.3
46723.5
47106.1
47446.6
47794.6
47795.212
47860.2
47860.4
48060.2
48076.5
48355.4
48460.3
48482.5
48860.1
49122.6
49335.211
49335.6
49642.6
49643.212
49705.2
49705.4
49905.2
49922.5
50127.4
50130.5
50269.4
50305.3
50412.5
50414.4
50442.5
50498.4
50500.5
50705.1
51215.6
51546.6
51547.212
51614.2
51614.4
51814.2
51822.5
52047.4
52054.5
52103.4
52214.3
52225.5
52265.4
52312.5
52614.1
54067.6
54762.6
54763.212
54827.2
54827.4
55027.2
55049.5
55393.4
55427.3
55528.5
55827.1
56093.6
56259.211
56259.6
56581.6
56582.212
56643.2
56643.4
56843.2
56866.5
57112.4
57114.5
57243.3
57255.4
57407.5
57643.1
59497.6
59843.6
59844.212
59908.2
59908.4
60108.2
60133.5
60469.4
60508.3
60669.5
60908.1
61181.6
61552.6
61553.212
61606.2
61606.4
61806.2
61840.5
62065.4
62073.5
62079.4
62087.5
62092.4
62101.5
62206.3
62223.4
62342.5
62606.1
62745.6
63099.6
63100.212
63187.2
63187.4
63387.2
63413.5
63787.3
64187.1
65830.6
66235.6
66236.212
66295.2
66295.4
66495.2
66523.5
66895.3
66903.4
66939.5
66966.4
67086.5
67295.1
67481.6
67689.211
67689.6
67950.211
67950.6
68016.211
68016.6
68247.211
68247.6
68572.6
68573.212
68645.2
68645.4
68845.2
68869.5
69223.4
69226.5
69245.3
69645.1
70416.6
70585.211
70585.6
70630.211
70630.6
70877.211
70877.6
70931.211
70931.6
71106.211
71106.6
71388.211
71388.6
71452.211
71452.6
71600.211
71600.6
71897.211
71897.6
72180.211
72180.6
72281.211
72281.6
72698.6
72699.212
72756.2
72756.4
72956.2
72983.5
73301.4
73356.3
73405.5
73756.1
74163.6
74571.6
74572.212
74640.2
74640.4
74840.2
74858.5
75200.4
75240.3
75384.5
75640.1
75899.6
76209.6
76210.212
76272.2
76272.4
76472.2
76493.5
76768.4
76772.5
76872.3
77272.1
78993.6
79222.211
79222.6
79491.211
79491.6
79866.6
79867.212
79925.2
79925.4
80125.2
80152.5
80517.4
80525.3
80626.5
80866.4
80893.5
80925.1
81146.6
81303.211
81303.6
81512.211
81512.6
82080.6
82081.212
82141.2
82141.4
82341.2
82354.5
82741.3
82767.4
82878.5
83141.1
83474.6
83597.211
83597.6
83807.211
83807.6
84860.6
84861.212
84915.2
84915.4
85115.2
85137.5
85430.4
85441.5
85450.4
85455.5
85459.4
85515.3
85569.5
85915.1
86139.6
86367.211
86367.6
86655.211
86655.6
86940.211
86940.6
87234.211
87234.6
87313.211
87313.6
87607.211
87607.6
87771.211
87771.6
88080.6
88081.212
88142.2
88142.4
88342.2
88378.5
88712.4
88742.3
88869.5
89142.1
91100.6
91287.211
91287.6
91556.211
91556.6
92470.6
92471.212
92526.2
92526.4
92726.2
92751.5
93104.4
93126.3
93137.5
93526.1
93651.8
94285.6
94532.211
94532.6
94625.211
94625.6
94851.211
94851.6
95117.211
95117.6
95307.211
95307.6
95563.211
95563.6
95759.211
95759.6
95943.211
95943.6
95971.211
95971.6
96218.211
96218.6
96423.211
96423.6
97237.6
97238.212
97289.2
97289.4
97489.2
97523.5
97553.4
97557.5
97663.4
97667.5
97797.4
97889.3
97912.5
98289.1
98688.6
98836.211
98836.6
99375.6
99376.212
99432.2
99432.4
99632.2
99667.5
100032.3
100432.1
101387.6
101769.6
101770.212
101836.2
101836.4
102036.2
102058.5
102063.4
102065.5
102382.4
102436.3
102519.5
102836.1
104135.6
104361.211
104361.6
104678.6
104679.212
104739.2
104739.4
104939.2
104966.5
105289.4
105325.5
105334.4
105339.3
105437.5
105739.1
106809.8
106828.8
108901.6
110676.6
110677.212
110747.2
110747.4
110947.2
110975.5
111347.3
111747.1
112471.6
112731.211
112731.6
112860.211
112860.6
113349.6
113350.212
113410.2
113410.4
113610.2
113631.5
113904.4
113907.5
114010.3
114410.1
115196.6
115571.6
115572.212
115639.2
115639.4
115839.2
115866.5
116200.4
116239.3
116349.5
116453.4
116477.5
116639.1
116879.6
117189.6
117190.212
117262.2
117262.4
117462.2
117467.5
117862.3
118003.4
118124.5
118156.4
118158.5
118262.1
118629.6
118798.211
118798.6
118836.211
118836.6
118942.211
118942.6
119132.211
119132.6
119309.211
119309.6
119507.211
119507.6
119612.211
119612.6
119724.211
119724.6
119918.211
119918.6
120554.6
120555.212
120614.2
120614.4
120814.2
120843.5
121175.4
121214.3
121305.5
121614.1
122076.6
122324.211
122324.6
122782.6
122783.212
122858.2
122858.4
123058.2
123078.5
123350.4
123354.5
123383.4
123385.5
123389.4
123458.3
123507.5
123858.1
124480.4
124593.5
124754.6
125007.211
125007.6
125065.211
125065.6
125685.6
125686.212
125750.2
125750.4
125950.2
125979.5
126350.3
126380.4
126421.5
126750.1
126846.4
126889.5
127199.6
127362.211
127362.6
127628.211
127628.6
127908.211
127908.6
128099.211
128099.6
128285.211
128285.6
128612.6
128613.212
128677.2
128677.4
128877.2
128913.5
129251.4
129277.3
129367.5
129677.1
130253.6
130440.211
130440.6
130665.211
130665.6
131042.6
131043.212
131101.2
131101.4
131301.2
131329.5
131666.4
131701.3
131796.5
132101.1
134679.6
136256.6
136257.212
136324.2
136324.4
136524.2
136545.5
136924.3
136984.4
137245.5
137324.1
137839.6
138043.211
138043.6
138378.6
138379.212
138443.2
138443.4
138643.2
138678.5
139043.3
139050.4
139187.5
139443.1
140597.6
140869.211
140869.6
141109.211
141109.6
141387.211
141387.6
141717.6
141718.212
141794.2
141794.4
141994.2
142015.5
142394.3
142397.4
142431.5
142453.4
142555.5
142794.1
143933.6
144222.211
144222.6
144509.211
144509.6
144653.211
144653.6
144899.211
144899.6
145115.211
145115.6
145404.211
145404.6
145536.211
145536.6
145729.211
145729.6
146077.6
146078.212
146142.2
146142.4
146342.2
146372.5
146375.4
146376.5
146742.3
147142.1
148278.6
148367.211
148367.6
148554.211
148554.6
148863.6
148864.212
148930.2
148930.4
149130.2
149140.5
149530.3
149930.1
150531.6
150751.211
150751.6
151042.211
151042.6
151398.6
151399.212
151458.2
151458.4
151658.2
151692.5
151696.4
151703.5
151947.4
151951.5
151964.4
151967.5
152058.3
152458.1
154967.6
155162.211
155162.6
155559.6
155560.212
155614.2
155614.4
155814.2
155847.5
156123.4
156124.5
156214.3
156614.1
157414.6
157716.6
157717.212
157785.2
157785.4
157985.2
157999.5
158263.4
158264.5
158385.3
158401.4
158597.5
158785.1
165014.6
165266.211
165266.6
165601.6
165602.212
165653.2
165653.4
165853.2
165878.5
166253.3
166653.1
167778.6
168018.211
168018.6
168197.211
168197.6
168480.211
168480.6
168587.211
168587.6
169119.6
169120.212
169195.2
169195.4
169395.2
169420.5
169795.3
170195.1
171281.6
171409.211
171409.6
172258.6
172259.212
172313.2
172313.4
172513.2
172538.5
172913.3
173313.1
174665.8
175051.6
175232.211
175232.6
175475.211
175475.6
175754.211
175754.6
175977.211
175977.6
175989.211
175989.6
176341.6
176342.212
176409.2
176409.4
176609.2
176645.5
176950.4
176953.5
177009.3
177409.1
178109.4
178117.5
178461.6
178748.211
178748.6
179164.6
179165.212
179216.2
179216.4
179416.2
179437.5
179722.4
179816.3
179845.5
179930.4
180000.9
123456789
