4
07
17
4
07
17
0
0
0
1
15
09
17
15
42
17
6
2
2638
0
0
0
314159265
65
1131
160
180000
314159265
0.1
223.8
246.211
246.8
302.211
302.8
310.211
310.8
343.211
343.8
422.4
429.5
486.211
486.8
582.211
582.8
594.211
594.8
622.211
622.8
636.211
636.8
712.211
712.8
716.211
716.8
739.211
739.8
801.211
801.8
892.211
892.8
907.211
907.8
913.211
913.8
989.211
989.8
1100.211
1100.8
1125.211
1125.8
1134.211
1134.8
1254.211
1254.8
1268.211
1268.8
1272.211
1272.8
1286.211
1286.8
1288.211
1288.8
1334.211
1334.8
1352.211
1352.8
1597.211
1597.8
1600.211
1600.8
1646.211
1646.8
1682.211
1682.8
1687.211
1687.8
1792.211
1792.8
1873.211
1873.8
1890.211
1890.8
1909.211
1909.8
1983.4
1998.5
2038.211
2038.8
2051.211
2051.8
2139.211
2139.8
2290.211
2290.8
2294.211
2294.8
2318.211
2318.8
2601.211
2601.8
2615.211
2615.8
2617.211
2617.8
2704.4
2710.5
2746.211
2746.8
2761.211
2761.8
2767.211
2767.8
2855.211
2855.8
2905.211
2905.8
3018.211
3018.8
3025.211
3025.8
3047.211
3047.8
3069.211
3069.8
3122.211
3122.8
3240.211
3240.8
3243.211
3243.8
3269.211
3269.8
3349.4
3352.5
3585.8
3642.2
3642.4
3645.5
3655.4
3842.3
3892.5
3900.4
3901.5
4033.4
4045.5
4478.8
4642.1
4778.8
4860.211
4860.8
4862.211
4862.8
4889.211
4889.8
4924.211
4924.8
5010.211
5010.8
5025.211
5025.8
5033.211
5033.8
5056.211
5056.8
5082.211
5082.8
5090.211
5090.8
5110.211
5110.8
5112.211
5112.8
5124.211
5124.8
5192.211
5192.8
5216.211
5216.8
5236.211
5236.8
5252.211
5252.8
5332.4
5340.5
5350.4
5455.5
5473.4
5500.5
5548.211
5548.8
5558.211
5558.8
5569.211
5569.8
5662.211
5662.8
5770.211
5770.8
5771.211
5771.8
5799.211
5799.8
5805.211
5805.8
5828.211
5828.8
5843.211
5843.8
5848.211
5848.8
6045.211
6045.8
6351.8
6419.2
6419.4
6619.3
6657.5
7179.8
7419.1
7534.8
7631.211
7631.8
7685.211
7685.8
7730.211
7730.8
7769.211
7769.8
7780.211
7780.8
7795.211
7795.8
7885.211
7885.8
7908.211
7908.8
8022.211
8022.8
8085.211
8085.8
8104.211
8104.8
8191.211
8191.8
8213.211
8213.8
8222.211
8222.8
8258.211
8258.8
8358.211
8358.8
8381.211
8381.8
8406.211
8406.8
8429.211
8429.8
8766.8
8811.2
8811.4
8821.5
8825.4
9011.3
9037.5
9811.1
10099.8
10183.211
10183.8
10210.211
10210.8
10265.211
10265.8
10289.211
10289.8
10298.211
10298.8
10317.211
10317.8
10377.211
10377.8
10383.211
10383.8
10400.211
10400.8
10409.211
10409.8
10434.211
10434.8
10524.211
10524.8
10562.211
10562.8
10565.211
10565.8
10607.211
10607.8
10632.211
10632.8
10645.211
10645.8
10665.211
10665.8
10687.211
10687.8
10838.211
10838.8
10859.211
10859.8
10886.211
10886.8
10898.211
10898.8
10910.211
10910.8
11026.211
11026.8
11036.211
11036.8
11052.211
11052.8
11064.211
11064.8
11082.211
11082.8
11101.211
11101.8
11130.211
11130.8
11150.211
11150.8
11534.8
11538.8
11591.2
11591.4
11592.5
11593.4
11601.5
11602.4
11791.3
11808.5
11811.4
11812.5
11815.4
11816.5
12281.8
12384.8
12591.1
12705.8
12710.211
12710.8
12746.211
12746.8
12778.211
12778.8
12829.211
12829.8
12834.211
12834.8
12855.211
12855.8
12867.211
12867.8
12935.211
12935.8
12947.211
12947.8
12969.211
12969.8
12972.211
12972.8
13078.211
13078.8
13086.211
13086.8
13103.211
13103.8
13115.211
13115.8
13205.211
13205.8
13229.211
13229.8
13242.211
13242.8
13243.211
13243.8
13263.211
13263.8
13274.211
13274.8
13575.8
13581.8
13629.2
13629.4
13829.3
13848.5
14629.1
14659.8
14687.211
14687.8
14706.211
14706.8
14711.211
14711.8
14739.211
14739.8
14787.211
14787.8
14811.211
14811.8
14830.211
14830.8
14855.211
14855.8
14886.211
14886.8
14899.211
14899.8
14904.211
14904.8
14938.211
14938.8
15044.211
15044.8
15063.211
15063.8
15222.211
15222.8
15237.211
15237.8
15247.211
15247.8
15265.211
15265.8
15270.211
15270.8
15322.211
15322.8
15334.211
15334.8
15361.211
15361.8
15572.211
15572.8
15586.211
15586.8
15595.211
15595.8
15648.211
15648.8
15672.211
15672.8
15756.211
15756.8
15784.211
15784.8
15813.211
15813.8
16054.211
16054.8
16109.211
16109.8
16171.211
16171.8
16191.211
16191.8
16195.211
16195.8
16217.211
16217.8
16224.211
16224.8
16386.211
16386.8
16394.211
16394.8
16403.211
16403.8
16424.211
16424.8
16454.211
16454.8
16495.211
16495.8
16512.211
16512.8
16549.211
16549.8
16690.211
16690.8
16720.211
16720.8
16728.211
16728.8
16746.211
16746.8
16772.211
16772.8
17019.211
17019.8
17023.211
17023.8
17059.211
17059.8
17115.211
17115.8
17157.211
17157.8
17174.211
17174.8
17270.211
17270.8
17304.211
17304.8
17339.211
17339.8
17340.211
17340.8
17363.211
17363.8
17639.211
17639.8
17668.211
17668.8
17703.211
17703.8
17712.211
17712.8
17732.211
17732.8
17762.211
17762.8
17843.211
17843.8
17867.211
17867.8
17875.211
17875.8
17895.211
17895.8
17936.4
17943.5
17998.211
17998.8
18049.211
18049.8
18053.211
18053.8
18090.211
18090.8
18126.211
18126.8
18272.4
18277.5
18321.211
18321.8
18372.211
18372.8
18536.211
18536.8
18576.211
18576.8
18744.211
18744.8
18800.211
18800.8
18976.211
18976.8
19028.211
19028.8
19058.211
19058.8
19253.211
19253.8
19265.211
19265.8
19327.211
19327.8
19360.211
19360.8
19573.211
19573.8
19576.211
19576.8
19614.211
19614.8
19687.211
19687.8
19712.211
19712.8
19724.211
19724.8
19727.211
19727.8
19754.211
19754.8
19805.211
19805.8
19848.211
19848.8
20160.8
20228.2
20228.4
20230.5
20232.4
20428.3
20448.5
20449.4
20451.5
21228.1
21387.8
21435.211
21435.8
21479.211
21479.8
21506.211
21506.8
21514.211
21514.8
21556.211
21556.8
21634.211
21634.8
21661.211
21661.8
21899.211
21899.8
21905.211
21905.8
21941.211
21941.8
21965.211
21965.8
21971.211
21971.8
21986.211
21986.8
22013.211
22013.8
22021.211
22021.8
22119.211
22119.8
22174.211
22174.8
22189.211
22189.8
22216.211
22216.8
22519.8
22587.2
22587.4
22787.3
22799.5
23587.1
23746.8
23801.211
23801.8
23850.211
23850.8
23957.211
23957.8
23996.211
23996.8
24028.211
24028.8
24047.211
24047.8
24078.211
24078.8
24086.211
24086.8
24108.211
24108.8
24211.211
24211.8
24328.211
24328.8
24345.211
24345.8
24349.211
24349.8
24375.211
24375.8
24587.211
24587.8
24612.211
24612.8
24642.211
24642.8
24657.211
24657.8
24675.211
24675.8
24721.211
24721.8
24774.211
24774.8
24808.211
24808.8
24833.211
24833.8
24918.211
24918.8
24921.211
24921.8
24954.211
24954.8
25237.211
25237.8
25264.211
25264.8
25357.4
25365.5
25407.211
25407.8
25506.211
25506.8
25520.211
25520.8
25588.4
25594.5
25627.4
25659.5
25675.4
25678.5
25791.211
25791.8
25836.211
25836.8
25872.211
25872.8
26170.211
26170.8
26250.4
26265.5
26269.4
26273.5
26315.211
26315.8
26367.211
26367.8
26399.211
26399.8
26434.211
26434.8
26514.211
26514.8
26535.211
26535.8
26692.4
26716.5
26721.4
26736.5
26789.211
26789.8
26843.211
26843.8
26914.211
26914.8
27075.211
27075.8
27110.211
27110.8
27164.211
27164.8
27228.4
27241.5
27381.211
27381.8
27410.211
27410.8
27482.211
27482.8
27750.211
27750.8
27759.211
27759.8
27765.211
27765.8
27825.211
27825.8
27849.211
27849.8
27926.211
27926.8
27947.211
27947.8
27999.211
27999.8
28061.4
28067.5
28240.211
28240.8
28246.211
28246.8
28291.211
28291.8
28321.211
28321.8
28339.211
28339.8
28520.211
28520.8
28522.211
28522.8
28553.211
28553.8
28649.211
28649.8
28840.4
28842.5
28844.4
28869.5
28997.8
29010.8
29087.2
29087.4
29287.3
29313.5
29316.4
29317.5
29776.8
29973.8
30071.4
30078.5
30087.1
30143.8
30150.211
30150.8
30476.8
30526.2
30526.4
30528.5
30530.4
30726.3
30744.5
31526.1
31648.8
31664.211
31664.8
31715.211
31715.8
32024.8
32081.2
32081.4
32281.3
32291.5
32919.8
33081.1
33117.8
33128.211
33128.8
33132.211
33132.8
33161.211
33161.8
33189.211
33189.8
33341.211
33341.8
33548.211
33548.8
33576.211
33576.8
33606.211
33606.8
33614.211
33614.8
33624.211
33624.8
33646.211
33646.8
33660.211
33660.8
33692.211
33692.8
33696.211
33696.8
33841.211
33841.8
33905.211
33905.8
34209.8
34261.2
34261.4
34461.3
34476.5
35261.1
35400.8
35418.211
35418.8
35449.211
35449.8
35480.211
35480.8
35495.211
35495.8
35531.211
35531.8
35575.211
35575.8
35584.211
35584.8
35595.211
35595.8
35603.211
35603.8
35697.211
35697.8
35723.211
35723.8
36015.211
36015.8
36041.211
36041.8
36074.211
36074.8
36096.211
36096.8
36189.211
36189.8
36216.211
36216.8
36245.211
36245.8
36269.211
36269.8
36286.211
36286.8
36303.211
36303.8
36318.211
36318.8
36412.211
36412.8
36443.211
36443.8
36462.211
36462.8
36524.211
36524.8
36536.211
36536.8
36680.211
36680.8
36714.211
36714.8
36927.211
36927.8
36954.211
36954.8
36997.211
36997.8
37024.211
37024.8
37101.211
37101.8
37121.211
37121.8
37122.211
37122.8
37432.8
37487.2
37487.4
37687.3
37697.5
38487.1
38670.8
38751.211
38751.8
38785.211
38785.8
38860.211
38860.8
38985.211
38985.8
39008.211
39008.8
39030.211
39030.8
39063.211
39063.8
39073.211
39073.8
39078.211
39078.8
39286.211
39286.8
39340.211
39340.8
39614.211
39614.8
39660.211
39660.8
39696.211
39696.8
39730.211
39730.8
39883.211
39883.8
40137.211
40137.8
40149.211
40149.8
40152.211
40152.8
40170.211
40170.8
40311.211
40311.8
40387.211
40387.8
40392.211
40392.8
40436.211
40436.8
40568.6
40751.8
40800.2
40800.4
40810.5
40812.4
41000.3
41022.5
41023.4
41025.5
41800.1
41864.8
41870.211
41870.8
41928.211
41928.8
41934.211
41934.8
41951.211
41951.8
41993.211
41993.8
42112.211
42112.8
42154.211
42154.8
42217.211
42217.8
42357.211
42357.8
42495.211
42495.8
42554.211
42554.8
42922.8
42977.2
42977.4
43177.3
43179.5
43977.1
44127.8
44138.211
44138.8
44169.211
44169.8
44173.211
44173.8
44248.211
44248.8
44399.211
44399.8
44420.211
44420.8
44427.211
44427.8
44446.211
44446.8
44498.211
44498.8
44538.211
44538.8
44822.211
44822.8
44843.211
44843.8
45005.211
45005.8
45036.211
45036.8
45102.211
45102.8
45181.211
45181.8
45194.211
45194.8
45200.211
45200.8
45255.211
45255.8
45431.211
45431.8
45466.211
45466.8
45726.211
45726.8
45771.211
45771.8
45797.211
45797.8
45889.211
45889.8
46213.8
46268.2
46268.4
46270.5
46272.4
46274.5
46276.4
46468.3
46476.5
46775.6
46805.6
46948.6
47268.1
47382.8
47417.211
47417.8
47468.211
47468.8
47530.211
47530.8
47552.211
47552.8
47818.211
47818.8
47842.211
47842.8
47940.211
47940.8
47954.211
47954.8
48009.211
48009.8
48021.211
48021.8
48821.8
48826.8
48871.2
48871.4
48879.5
48882.4
49071.3
49085.5
49871.1
49889.8
49932.211
49932.8
49957.211
49957.8
50056.211
50056.8
50094.211
50094.8
50213.211
50213.8
50237.211
50237.8
50335.211
50335.8
50356.211
50356.8
50648.211
50648.8
50699.211
50699.8
50734.211
50734.8
50779.211
50779.8
50794.211
50794.8
50824.211
50824.8
50967.4
50972.5
51021.211
51021.8
51027.211
51027.8
51070.211
51070.8
51120.211
51120.8
51552.8
51609.2
51609.4
51809.3
51841.5
52031.4
52038.5
52088.4
52091.5
52130.4
52213.5
52533.4
52583.5
52609.1
52653.8
52656.211
52656.8
52666.211
52666.8
52736.211
52736.8
52796.211
52796.8
52895.211
52895.8
52929.211
52929.8
52989.211
52989.8
53055.211
53055.8
53194.4
53254.5
53303.211
53303.8
53318.211
53318.8
53324.211
53324.8
53344.211
53344.8
53372.211
53372.8
53376.211
53376.8
53404.211
53404.8
53435.211
53435.8
53471.211
53471.8
53532.211
53532.8
53748.211
53748.8
53788.211
53788.8
54012.211
54012.8
54045.211
54045.8
54073.211
54073.8
54088.211
54088.8
54415.8
54421.8
54469.2
54469.4
54475.5
54476.4
54669.3
54682.5
55469.1
55581.8
55665.211
55665.8
55692.211
55692.8
55883.211
55883.8
55887.211
55887.8
55892.211
55892.8
55928.211
55928.8
55960.211
55960.8
56183.211
56183.8
56191.211
56191.8
56236.211
56236.8
56267.211
56267.8
56508.211
56508.8
56561.211
56561.8
56585.211
56585.8
56625.211
56625.8
56669.211
56669.8
56696.211
56696.8
56850.211
56850.8
56923.211
56923.8
57015.211
57015.8
57064.211
57064.8
57090.211
57090.8
57159.211
57159.8
57190.211
57190.8
57478.211
57478.8
57499.211
57499.8
57516.211
57516.8
57589.211
57589.8
57593.211
57593.8
57722.211
57722.8
57749.211
57749.8
57827.211
57827.8
57861.211
57861.8
57881.211
57881.8
57884.211
57884.8
58042.211
58042.8
58195.211
58195.8
58220.211
58220.8
58255.211
58255.8
58280.211
58280.8
58502.4
58516.5
58576.211
58576.8
58590.211
58590.8
58598.211
58598.8
58653.211
58653.8
58816.211
58816.8
58876.211
58876.8
59034.4
59042.5
59113.211
59113.8
59118.211
59118.8
59156.211
59156.8
59197.211
59197.8
59407.211
59407.8
59577.211
59577.8
59628.211
59628.8
59638.211
59638.8
59756.211
59756.8
59820.211
59820.8
59845.211
59845.8
59903.211
59903.8
60258.8
60309.2
60309.4
60315.5
60320.4
60509.3
60535.5
61286.8
61309.1
61377.8
61632.211
61632.8
61637.211
61637.8
61669.211
61669.8
61908.211
61908.8
61954.211
61954.8
62055.211
62055.8
62100.211
62100.8
62125.211
62125.8
62366.211
62366.8
62421.211
62421.8
62467.211
62467.8
62558.211
62558.8
62637.211
62637.8
62782.211
62782.8
62826.211
62826.8
62936.211
62936.8
63000.211
63000.8
63075.211
63075.8
63105.211
63105.8
63411.8
63462.2
63462.4
63662.3
63678.5
64462.1
64645.8
64651.211
64651.8
64774.211
64774.8
65052.211
65052.8
65113.211
65113.8
65180.211
65180.8
65231.211
65231.8
65242.211
65242.8
65558.8
65617.2
65617.4
65817.3
65824.5
66617.1
66771.8
66886.211
66886.8
66906.211
66906.8
66919.211
66919.8
66933.211
66933.8
67052.211
67052.8
67060.211
67060.8
67090.211
67090.8
67123.211
67123.8
67361.211
67361.8
67379.211
67379.8
67515.211
67515.8
67517.211
67517.8
67544.211
67544.8
67751.211
67751.8
67759.211
67759.8
67783.211
67783.8
67799.211
67799.8
67835.211
67835.8
67990.4
67992.5
68047.211
68047.8
68058.211
68058.8
68096.211
68096.8
68208.211
68208.8
68231.211
68231.8
68286.211
68286.8
68314.211
68314.8
68324.211
68324.8
68550.211
68550.8
68570.211
68570.8
68684.211
68684.8
68737.211
68737.8
68755.211
68755.8
69060.8
69107.2
69107.4
69113.5
69119.4
69307.3
69325.5
70107.1
70334.8
70429.211
70429.8
70443.211
70443.8
70489.211
70489.8
70745.211
70745.8
70753.211
70753.8
70760.211
70760.8
70835.211
70835.8
70864.211
70864.8
71092.211
71092.8
71164.211
71164.8
71199.211
71199.8
71449.211
71449.8
71495.211
71495.8
71502.211
71502.8
71513.211
71513.8
71605.211
71605.8
71637.211
71637.8
71670.211
71670.8
71785.211
71785.8
71877.211
71877.8
71894.211
71894.8
71902.211
71902.8
71985.4
71987.5
71992.4
72004.5
72058.4
72088.5
72254.4
72257.5
72368.8
72420.2
72420.4
72427.5
72434.4
72620.3
72639.5
72872.4
72903.5
73388.8
73420.1
73503.8
73509.211
73509.8
73522.211
73522.8
73617.211
73617.8
73626.211
73626.8
73630.211
73630.8
73817.211
73817.8
74117.211
74117.8
74151.211
74151.8
74172.211
74172.8
74216.211
74216.8
74301.211
74301.8
74327.211
74327.8
74571.211
74571.8
74602.211
74602.8
74745.211
74745.8
74747.211
74747.8
74771.211
74771.8
75028.211
75028.8
75038.211
75038.8
75116.211
75116.8
75136.211
75136.8
75224.4
75258.5
75295.211
75295.8
75304.211
75304.8
75315.211
75315.8
75350.211
75350.8
75480.211
75480.8
75510.211
75510.8
75571.211
75571.8
75600.211
75600.8
75717.211
75717.8
75742.211
75742.8
75809.211
75809.8
75820.211
75820.8
75947.4
75964.5
76000.211
76000.8
76024.211
76024.8
76329.8
76383.2
76383.4
76583.3
76598.5
76814.4
76825.5
77383.1
78000.8
78174.211
78174.8
78244.211
78244.8
78320.211
78320.8
78469.211
78469.8
78481.211
78481.8
78624.211
78624.8
78639.211
78639.8
78787.211
78787.8
78800.211
78800.8
78805.211
78805.8
78868.211
78868.8
78945.211
78945.8
79150.211
79150.8
79190.211
79190.8
79193.211
79193.8
79199.211
79199.8
79210.211
79210.8
79219.211
79219.8
79221.211
79221.8
79231.211
79231.8
79363.211
79363.8
79413.211
79413.8
79466.211
79466.8
79526.211
79526.8
79621.4
79704.5
79780.211
79780.8
79819.211
79819.8
80107.211
80107.8
80136.211
80136.8
80182.211
80182.8
80208.211
80208.8
80256.211
80256.8
80394.4
80414.5
80525.4
80538.5
80608.8
80668.2
80668.4
80675.5
80676.4
80678.5
80680.4
80868.3
80897.5
81092.4
81142.5
81668.1
81852.8
82223.8
82277.2
82277.4
82282.5
82284.4
82477.3
82491.5
82764.6
83277.1
83437.8
83806.8
83854.2
83854.4
84054.3
84084.5
84854.1
84982.8
84999.211
84999.8
85141.211
85141.8
85442.8
85495.2
85495.4
85695.3
85722.5
86495.1
86668.8
86674.211
86674.8
86679.211
86679.8
86702.211
86702.8
86906.211
86906.8
86907.211
86907.8
86938.211
86938.8
86944.211
86944.8
86967.211
86967.8
87237.211
87237.8
87252.211
87252.8
87283.211
87283.8
87322.211
87322.8
87376.211
87376.8
87428.211
87428.8
87440.211
87440.8
87465.211
87465.8
87784.8
87837.2
87837.4
88037.3
88052.5
88837.1
89086.8
89094.211
89094.8
89400.8
89449.2
89449.4
89458.5
89460.4
89649.3
89683.5
89917.4
89918.5
89922.4
89926.5
90029.4
90042.5
90300.8
90449.1
90637.8
90640.211
90640.8
90696.211
90696.8
90700.211
90700.8
90716.211
90716.8
90791.211
90791.8
90816.211
90816.8
90820.211
90820.8
90860.211
90860.8
90997.211
90997.8
91003.211
91003.8
91015.211
91015.8
91035.211
91035.8
91215.211
91215.8
91256.211
91256.8
91270.211
91270.8
91536.211
91536.8
91541.211
91541.8
91571.211
91571.8
91597.211
91597.8
91692.211
91692.8
91970.4
91974.5
92082.8
92136.2
92136.4
92336.3
92369.5
92609.4
92638.5
93070.8
93136.1
93290.8
93304.211
93304.8
93306.211
93306.8
93323.211
93323.8
93567.211
93567.8
93597.211
93597.8
93610.211
93610.8
93648.211
93648.8
93699.211
93699.8
93966.211
93966.8
93988.211
93988.8
93990.211
93990.8
94037.211
94037.8
94080.211
94080.8
94112.211
94112.8
94126.211
94126.8
94166.211
94166.8
94376.211
94376.8
94396.211
94396.8
94416.211
94416.8
94452.211
94452.8
94579.211
94579.8
94591.211
94591.8
94604.211
94604.8
94708.211
94708.8
94763.211
94763.8
94956.4
94969.5
94970.4
94972.5
95032.211
95032.8
95039.211
95039.8
95051.211
95051.8
95056.211
95056.8
95072.211
95072.8
95325.211
95325.8
95376.211
95376.8
95405.211
95405.8
95436.211
95436.8
95462.211
95462.8
95537.211
95537.8
95585.211
95585.8
95703.211
95703.8
95998.211
95998.8
96034.211
96034.8
96039.211
96039.8
96053.211
96053.8
96086.211
96086.8
96114.211
96114.8
96160.211
96160.8
96242.211
96242.8
96299.211
96299.8
96345.211
96345.8
96438.211
96438.8
96453.211
96453.8
96456.211
96456.8
96462.211
96462.8
96607.211
96607.8
96623.211
96623.8
96632.211
96632.8
96847.211
96847.8
96856.211
96856.8
96873.211
96873.8
96903.211
96903.8
96951.211
96951.8
97048.4
97058.5
97117.211
97117.8
97137.211
97137.8
97219.4
97221.5
97322.211
97322.8
97331.211
97331.8
97350.211
97350.8
97589.4
97600.5
97769.8
97823.2
97823.4
97833.5
97834.4
98023.3
98060.5
98823.1
98964.8
99111.211
99111.8
99119.211
99119.8
99349.211
99349.8
99381.211
99381.8
99426.211
99426.8
99452.211
99452.8
99527.211
99527.8
99599.211
99599.8
99631.211
99631.8
99711.211
99711.8
99980.211
99980.8
99993.211
99993.8
99998.211
99998.8
100014.211
100014.8
100059.211
100059.8
100199.211
100199.8
100221.211
100221.8
100257.211
100257.8
100466.211
100466.8
100476.211
100476.8
100494.211
100494.8
100527.211
100527.8
100569.211
100569.8
100621.211
100621.8
100778.211
100778.8
100921.211
100921.8
100981.211
100981.8
100996.211
100996.8
101114.211
101114.8
101229.211
101229.8
101264.211
101264.8
101314.211
101314.8
101338.211
101338.8
101440.211
101440.8
101782.8
101838.2
101838.4
102038.3
102054.5
102838.1
102961.8
102964.211
102964.8
103387.8
103443.2
103443.4
103643.3
103649.5
104443.1
104548.8
104738.211
104738.8
104768.211
104768.8
104889.211
104889.8
104893.211
104893.8
104904.211
104904.8
105768.8
105834.2
105834.4
106019.5
106020.4
106021.5
106034.3
106383.4
106384.5
106388.4
106429.5
106834.1
107056.8
107074.211
107074.8
108147.8
108210.2
108210.4
108410.3
108424.5
109210.1
109234.8
109236.211
109236.8
109426.211
109426.8
109628.211
109628.8
109632.211
109632.8
109661.211
109661.8
109668.211
109668.8
109695.211
109695.8
109709.211
109709.8
109720.211
109720.8
109834.211
109834.8
109987.211
109987.8
110001.211
110001.8
110011.211
110011.8
110050.211
110050.8
110167.211
110167.8
110666.8
110718.2
110718.4
110918.3
110931.5
111560.4
111589.5
111718.1
111775.8
112244.8
112295.2
112295.4
112495.3
112533.5
113295.1
113337.8
113702.8
113751.2
113751.4
113951.3
113985.5
114751.1
115187.8
115681.8
115739.2
115739.4
115939.3
115952.5
116739.1
116988.8
117011.211
117011.8
117017.211
117017.8
117076.211
117076.8
117262.211
117262.8
117275.211
117275.8
117322.211
117322.8
117536.211
117536.8
117548.211
117548.8
117559.211
117559.8
117865.8
117918.2
117918.4
118118.3
118135.5
118918.1
119088.8
119438.8
119444.8
119497.2
119497.4
119695.5
119697.3
120497.1
120659.8
121051.8
121102.2
121102.4
121302.3
121315.5
122102.1
122445.8
122490.211
122490.8
122496.211
122496.8
123219.8
123225.8
123277.2
123277.4
123477.3
123485.5
124277.1
124509.8
124929.8
124984.2
124984.4
125184.3
125205.5
125984.1
127616.8
127676.211
127676.8
128217.8
128282.2
128282.4
128482.3
128500.5
128833.4
128841.5
129282.1
129509.8
129586.211
129586.8
129637.211
129637.8
129875.211
129875.8
130005.211
130005.8
130030.211
130030.8
130042.211
130042.8
130045.211
130045.8
130052.211
130052.8
130144.211
130144.8
130149.211
130149.8
130160.211
130160.8
130230.211
130230.8
130264.211
130264.8
130320.211
130320.8
130328.211
130328.8
130666.8
130723.2
130723.4
130923.3
130929.5
131723.1
132135.8
132161.211
132161.8
132262.211
132262.8
132421.211
132421.8
132689.211
132689.8
132727.211
132727.8
132998.211
132998.8
133031.211
133031.8
133038.211
133038.8
133078.211
133078.8
133226.211
133226.8
133312.211
133312.8
133506.211
133506.8
133516.211
133516.8
133522.211
133522.8
133526.211
133526.8
133870.8
133921.2
133921.4
134121.3
134138.5
134139.4
134140.5
134921.1
135113.8
135237.211
135237.8
135243.211
135243.8
135652.8
135707.2
135707.4
135907.3
135924.5
136707.1
137032.8
137063.211
137063.8
137233.211
137233.8
137238.211
137238.8
137259.211
137259.8
137510.211
137510.8
137749.211
137749.8
137797.211
137797.8
137918.211
137918.8
137950.211
137950.8
138110.211
138110.8
138151.211
138151.8
138184.211
138184.8
138446.211
138446.8
138453.211
138453.8
138566.211
138566.8
138778.4
138784.5
138867.8
138930.2
138930.4
138937.5
138941.4
139130.3
139141.5
139930.1
140050.8
140108.211
140108.8
140426.8
140476.2
140476.4
140676.3
140698.5
141476.1
141654.8
141731.4
141733.5
142675.8
142731.2
142731.4
142931.3
142945.5
143649.4
143695.5
143731.1
143921.8
143955.211
143955.8
143974.211
143974.8
144217.4
144234.5
144344.6
144568.8
144619.2
144619.4
144622.5
144624.4
144819.3
144849.5
145249.6
145619.1
145820.8
147862.8
147908.2
147908.4
148108.3
148129.5
148908.1
148985.8
149104.211
149104.8
149126.211
149126.8
149158.211
149158.8
149168.211
149168.8
149896.8
149962.2
149962.4
150162.3
150171.5
150962.1
151801.8
151972.211
151972.8
151991.211
151991.8
152021.211
152021.8
152041.211
152041.8
152238.211
152238.8
152247.211
152247.8
152252.211
152252.8
152263.211
152263.8
152264.211
152264.8
152287.211
152287.8
152533.211
152533.8
152555.211
152555.8
152982.8
152984.8
153039.2
153039.4
153239.3
153270.5
153640.6
153836.8
154039.1
154213.8
154253.211
154253.8
154438.211
154438.8
154470.211
154470.8
154640.211
154640.8
154858.211
154858.8
154869.211
154869.8
154878.211
154878.8
155126.211
155126.8
155343.211
155343.8
155485.211
155485.8
155641.211
155641.8
155644.211
155644.8
155646.211
155646.8
155948.8
156010.2
156010.4
156210.3
156236.5
157010.1
158453.8
158842.8
158890.2
158890.4
158892.5
158896.4
159090.3
159122.5
159890.1
164080.8
164128.211
164128.8
164162.211
164162.8
164253.211
164253.8
164347.211
164347.8
164550.211
164550.8
164590.211
164590.8
164646.211
164646.8
165085.8
165142.2
165142.4
165342.3
165358.5
166142.1
167960.8
168633.8
168695.2
168695.4
168895.3
168909.5
169695.1
170009.8
170012.211
170012.8
170372.8
170436.2
170436.4
170636.3
170651.5
171227.6
171436.1
171441.4
171455.5
171562.8
171824.211
171824.8
171844.211
171844.8
171873.211
171873.8
172067.4
172077.5
172285.8
172345.2
172345.4
172545.3
172555.5
173345.1
173805.8
173831.211
173831.8
174126.211
174126.8
174207.211
174207.8
174234.211
174234.8
174253.211
174253.8
174584.8
174642.2
174642.4
174842.3
174858.5
175176.4
175194.5
175642.1
175893.8
176717.8
176770.2
176770.4
176970.3
176985.5
177770.1
178696.8
179023.8
179074.2
179074.4
179274.3
180000.9
123456789
4
08
17
4
08
17
0
0
0
1
15
05
07
15
38
07
6
2
2113
0
0
0
314159265
59
815
162
180000
314159265
0.1
148.8
185.211
185.8
240.211
240.8
265.211
265.8
427.211
427.8
454.211
454.8
476.211
476.8
673.211
673.8
691.211
691.8
1047.8
1048.212
1097.2
1097.4
1098.5
1106.4
1125.5
1126.4
1297.2
1331.5
1611.8
1697.3
2210.8
2230.8
2460.4
2490.5
2497.1
2556.8
2560.211
2560.8
2576.211
2576.8
2579.211
2579.8
2643.211
2643.8
2658.211
2658.8
2895.211
2895.8
2948.211
2948.8
2964.211
2964.8
3002.211
3002.8
3080.211
3080.8
3125.211
3125.8
3140.211
3140.8
3171.211
3171.8
3523.8
3524.212
3572.2
3572.4
3772.2
3802.5
4172.3
4272.8
4362.4
4370.5
4820.8
4972.1
5130.8
5162.211
5162.8
5175.211
5175.8
5199.211
5199.8
5243.211
5243.8
5359.211
5359.8
5413.211
5413.8
5771.8
5772.212
5822.2
5822.4
6022.2
6042.5
6289.4
6292.5
6422.3
6605.8
7000.8
7008.8
7222.1
7389.8
7414.211
7414.8
7484.211
7484.8
7756.211
7756.8
7758.211
7758.8
7777.211
7777.8
7819.211
7819.8
7854.211
7854.8
7887.211
7887.8
7907.211
7907.8
7987.211
7987.8
8031.211
8031.8
8102.211
8102.8
8241.211
8241.8
8266.211
8266.8
8330.211
8330.8
8334.211
8334.8
8424.211
8424.8
8615.211
8615.8
8618.211
8618.8
8647.211
8647.8
8669.211
8669.8
8696.211
8696.8
8800.211
8800.8
8870.211
8870.8
8880.211
8880.8
9102.211
9102.8
9110.211
9110.8
9153.211
9153.8
9169.211
9169.8
9211.211
9211.8
9255.211
9255.8
9311.211
9311.8
9560.211
9560.8
9599.211
9599.8
9624.211
9624.8
9662.211
9662.8
9717.211
9717.8
9796.4
9801.5
9864.211
9864.8
9902.211
9902.8
9909.211
9909.8
10156.211
10156.8
10158.211
10158.8
10211.211
10211.8
10267.211
10267.8
10528.211
10528.8
10543.211
10543.8
10613.211
10613.8
10832.4
10843.5
10909.211
10909.8
10957.211
10957.8
10971.211
10971.8
10975.211
10975.8
11193.211
11193.8
11196.211
11196.8
11267.211
11267.8
11286.211
11286.8
11371.211
11371.8
11386.211
11386.8
11757.8
11758.212
11808.2
11808.4
12008.2
12030.5
12238.4
12258.5
12408.3
12427.4
12438.5
12618.8
12810.4
12818.5
13208.1
13293.8
13329.211
13329.8
13336.211
13336.8
13442.211
13442.8
13475.211
13475.8
13543.211
13543.8
13673.211
13673.8
13799.4
13807.5
13912.211
13912.8
14120.211
14120.8
14189.211
14189.8
14236.211
14236.8
14609.8
14610.212
14614.8
14669.2
14669.4
14869.2
14881.5
15269.3
16049.6
16069.1
16182.8
16265.211
16265.8
16299.211
16299.8
16513.211
16513.8
16536.211
16536.8
16649.211
16649.8
16834.211
16834.8
17072.211
17072.8
17093.211
17093.8
17106.211
17106.8
17188.4
17195.5
17419.4
17428.5
17542.8
17543.212
17594.2
17594.4
17794.2
17821.5
18149.4
18194.3
18211.5
18212.4
18229.5
18427.4
18436.5
18522.4
18523.5
18529.4
18530.5
18573.4
18574.5
18626.8
18781.4
18787.5
18820.4
18821.5
18988.6
18994.1
19111.8
19204.211
19204.8
19301.211
19301.8
19485.211
19485.8
19689.211
19689.8
19792.4
19820.5
20008.8
20009.212
20061.2
20061.4
20064.5
20065.4
20067.5
20068.4
20261.2
20270.5
20661.3
21052.8
21389.8
21461.1
21639.8
21785.211
21785.8
21793.211
21793.8
21825.211
21825.8
21857.211
21857.8
21962.211
21962.8
21980.211
21980.8
22002.211
22002.8
22150.211
22150.8
22322.211
22322.8
22343.211
22343.8
22384.211
22384.8
22407.211
22407.8
22629.211
22629.8
22653.211
22653.8
22657.211
22657.8
22692.211
22692.8
22724.211
22724.8
22768.211
22768.8
22880.211
22880.8
22925.211
22925.8
23230.8
23231.212
23280.2
23280.4
23480.2
23490.5
23880.3
23916.4
23932.5
24680.1
24729.8
24752.211
24752.8
24793.211
24793.8
24795.211
24795.8
24804.211
24804.8
24858.211
24858.8
24893.211
24893.8
24961.211
24961.8
24967.211
24967.8
25266.211
25266.8
25271.211
25271.8
25362.211
25362.8
25521.211
25521.8
25546.211
25546.8
25755.211
25755.8
25837.211
25837.8
26146.8
26147.212
26200.2
26200.4
26400.2
26408.5
26800.3
27426.8
27550.8
27600.1
27697.8
27705.211
27705.8
27719.211
27719.8
27875.211
27875.8
27891.211
27891.8
27991.211
27991.8
28035.211
28035.8
28218.211
28218.8
28239.211
28239.8
28262.211
28262.8
28293.211
28293.8
28307.211
28307.8
28330.211
28330.8
28394.211
28394.8
28627.211
28627.8
28630.211
28630.8
28644.211
28644.8
28677.211
28677.8
28725.211
28725.8
28772.211
28772.8
28798.211
28798.8
28839.211
28839.8
28921.4
28936.5
29006.211
29006.8
29030.211
29030.8
29080.211
29080.8
29231.211
29231.8
29236.211
29236.8
29267.211
29267.8
29301.211
29301.8
29440.211
29440.8
29480.211
29480.8
29535.211
29535.8
29725.211
29725.8
29756.211
29756.8
29784.211
29784.8
29812.211
29812.8
29890.4
29899.5
29913.4
29915.5
29916.4
29917.5
29920.4
29922.5
30031.4
30039.5
30082.211
30082.8
30091.211
30091.8
30094.211
30094.8
30131.211
30131.8
30145.211
30145.8
30229.211
30229.8
30565.8
30566.212
30620.2
30620.4
30820.2
30838.5
30839.4
30841.5
31220.3
32020.1
32243.4
32246.5
32314.8
32564.211
32564.8
32617.211
32617.8
32829.211
32829.8
32863.211
32863.8
32886.211
32886.8
32954.4
32959.5
33028.211
33028.8
33456.8
33457.212
33513.2
33513.4
33713.2
33718.5
34113.3
34453.8
34793.4
34795.5
34913.1
34915.4
34923.5
34984.8
35115.211
35115.8
35292.4
35305.5
35379.211
35379.8
35390.211
35390.8
35396.211
35396.8
35461.211
35461.8
35518.211
35518.8
35719.211
35719.8
35873.211
35873.8
35879.211
35879.8
35912.211
35912.8
36003.211
36003.8
36052.211
36052.8
36233.211
36233.8
36643.8
36644.212
36699.2
36699.4
36701.5
36704.4
36899.2
36907.5
37299.3
38099.1
38172.8
38222.211
38222.8
38267.211
38267.8
38413.211
38413.8
38672.211
38672.8
38700.211
38700.8
38738.211
38738.8
38809.4
38844.5
38924.211
38924.8
39003.211
39003.8
39018.211
39018.8
39037.211
39037.8
39079.211
39079.8
39086.211
39086.8
39109.211
39109.8
39175.211
39175.8
39448.211
39448.8
39458.211
39458.8
39574.4
39580.5
39675.211
39675.8
39695.211
39695.8
39714.211
39714.8
39908.211
39908.8
39927.211
39927.8
39967.211
39967.8
40086.211
40086.8
40427.8
40428.212
40489.2
40489.4
40682.5
40683.4
40685.5
40689.2
41089.3
41889.1
42063.8
42634.8
42635.212
42698.2
42698.4
42898.2
42903.5
43298.3
43935.8
44004.4
44006.5
44098.1
44408.8
44422.211
44422.8
44449.211
44449.8
44961.8
44962.212
45017.2
45017.4
45217.2
45231.5
45232.4
45234.5
45617.3
46417.1
46425.8
46454.211
46454.8
46488.211
46488.8
46549.211
46549.8
46562.211
46562.8
46700.211
46700.8
46737.211
46737.8
47008.211
47008.8
47095.211
47095.8
47603.8
47604.212
47657.2
47657.4
47857.2
47874.5
48257.3
49057.1
49178.8
49215.211
49215.8
50060.8
50061.212
50111.2
50111.4
50311.2
50329.5
50330.4
50331.5
50711.3
51511.1
51988.8
52020.211
52020.8
52049.211
52049.8
52100.211
52100.8
52111.211
52111.8
52153.211
52153.8
52426.211
52426.8
52472.211
52472.8
52494.211
52494.8
52640.211
52640.8
52709.4
52712.5
52797.211
52797.8
52885.4
52889.5
52967.211
52967.8
53037.211
53037.8
53052.211
53052.8
53079.211
53079.8
53364.211
53364.8
53389.211
53389.8
53393.211
53393.8
53420.211
53420.8
53537.211
53537.8
53563.211
53563.8
53642.4
53648.5
54007.8
54008.212
54064.2
54064.4
54264.2
54275.5
54284.4
54285.5
54664.3
54732.4
54745.5
54746.4
54747.5
55399.4
55411.5
55464.1
55485.8
55528.211
55528.8
55563.211
55563.8
55862.211
55862.8
55889.211
55889.8
55946.211
55946.8
55951.211
55951.8
55995.211
55995.8
56037.211
56037.8
56157.211
56157.8
56265.211
56265.8
56498.211
56498.8
56527.211
56527.8
56568.211
56568.8
56690.211
56690.8
56895.4
56903.5
56963.211
56963.8
57023.211
57023.8
57201.211
57201.8
57218.211
57218.8
57293.4
57297.5
57476.211
57476.8
57488.211
57488.8
57506.211
57506.8
57795.211
57795.8
57799.211
57799.8
57804.211
57804.8
57825.211
57825.8
57833.211
57833.8
57884.211
57884.8
57896.211
57896.8
57924.211
57924.8
57977.211
57977.8
58107.4
58109.5
58267.211
58267.8
58327.211
58327.8
58556.211
58556.8
58592.211
58592.8
58595.211
58595.8
58611.211
58611.8
58656.211
58656.8
58888.211
58888.8
58916.211
58916.8
58956.211
58956.8
58976.211
58976.8
59016.211
59016.8
59022.211
59022.8
59030.211
59030.8
59090.211
59090.8
59162.211
59162.8
59522.8
59523.212
59588.2
59588.4
59788.2
59803.5
60188.3
60543.4
60577.5
60649.4
60663.5
60681.4
60682.5
60689.4
60691.5
60816.4
60830.5
60848.4
60849.5
60870.4
60871.5
60898.4
60900.5
60944.4
60970.5
60971.4
60973.5
60977.4
60981.5
60983.4
60988.1
60993.5
61020.4
61031.5
61032.4
61044.5
61196.8
61215.211
61215.8
61363.4
61364.5
61384.4
61473.5
61476.4
61808.5
61847.4
62132.5
62133.4
62136.5
62147.4
62148.5
62150.4
62283.5
62339.4
62342.5
62348.4
62447.5
62704.4
62708.5
62714.4
62755.5
62759.4
62764.5
62796.4
62939.5
63012.8
63013.212
63066.2
63066.4
63266.2
63274.5
63666.3
63749.4
63789.5
63803.4
63815.5
64466.1
64527.8
64566.211
64566.8
64593.211
64593.8
65237.8
65238.212
65307.2
65307.4
65502.5
65507.2
65907.3
65997.4
66000.5
66002.4
66043.5
66044.4
66074.5
66075.4
66082.5
66319.4
66372.5
66473.8
66707.1
66952.8
66978.211
66978.8
67148.211
67148.8
67441.211
67441.8
67452.211
67452.8
67650.211
67650.8
67690.211
67690.8
67751.4
67757.5
67819.211
67819.8
67839.211
67839.8
67863.211
67863.8
68121.211
68121.8
68144.211
68144.8
68191.211
68191.8
68217.211
68217.8
68462.211
68462.8
68512.211
68512.8
68523.211
68523.8
68536.211
68536.8
68553.211
68553.8
68579.211
68579.8
68763.211
68763.8
68780.211
68780.8
68786.211
68786.8
68829.211
68829.8
68859.211
68859.8
68890.211
68890.8
68927.211
68927.8
68995.211
68995.8
69021.211
69021.8
69089.211
69089.8
69241.211
69241.8
69260.211
69260.8
69289.211
69289.8
69303.211
69303.8
69319.211
69319.8
69533.211
69533.8
69565.211
69565.8
69577.211
69577.8
69604.211
69604.8
69704.211
69704.8
69749.211
69749.8
69993.211
69993.8
70228.4
70236.5
70385.8
70386.212
70439.2
70439.4
70639.2
70665.5
71039.3
71839.1
72010.8
72334.8
72335.212
72391.2
72391.4
72591.2
72606.5
72991.3
73791.1
74251.8
74259.211
74259.8
74271.211
74271.8
74478.211
74478.8
74575.211
74575.8
74899.8
74900.212
74951.2
74951.4
75141.5
75151.2
75551.3
76351.1
76530.8
76553.211
76553.8
76598.211
76598.8
76855.211
76855.8
76972.211
76972.8
77037.4
77040.5
77100.211
77100.8
77134.211
77134.8
77160.211
77160.8
77380.211
77380.8
77390.211
77390.8
77523.211
77523.8
77544.211
77544.8
77569.211
77569.8
77605.211
77605.8
77884.211
77884.8
78040.211
78040.8
78076.211
78076.8
78141.211
78141.8
78151.211
78151.8
78154.211
78154.8
78196.211
78196.8
78270.211
78270.8
78356.211
78356.8
78416.211
78416.8
78436.211
78436.8
78460.211
78460.8
78489.211
78489.8
78591.211
78591.8
78606.211
78606.8
78624.211
78624.8
78660.211
78660.8
78688.211
78688.8
78886.211
78886.8
78920.211
78920.8
78943.211
78943.8
78980.211
78980.8
79117.211
79117.8
79124.211
79124.8
79136.211
79136.8
79170.211
79170.8
79348.4
79360.5
79477.8
79478.212
79532.2
79532.4
79732.2
79756.5
80132.3
80932.1
81089.8
81147.211
81147.8
81172.211
81172.8
81297.211
81297.8
81341.211
81341.8
81404.211
81404.8
81408.211
81408.8
81412.211
81412.8
81443.211
81443.8
81474.211
81474.8
81501.211
81501.8
81519.211
81519.8
81668.211
81668.8
81671.211
81671.8
81676.211
81676.8
81679.211
81679.8
81906.211
81906.8
81911.211
81911.8
81924.211
81924.8
81935.211
81935.8
81949.211
81949.8
81977.211
81977.8
82390.8
82391.212
82449.2
82449.4
82649.2
82655.5
83049.3
83849.1
84173.8
84208.211
84208.8
84356.211
84356.8
84382.211
84382.8
84445.4
84448.5
84520.211
84520.8
84524.211
84524.8
84549.211
84549.8
84795.211
84795.8
84813.211
84813.8
84875.211
84875.8
84915.211
84915.8
84918.211
84918.8
84936.211
84936.8
84957.211
84957.8
85025.211
85025.8
85031.211
85031.8
85285.211
85285.8
85317.211
85317.8
85519.211
85519.8
85585.211
85585.8
85657.4
85659.5
85740.211
85740.8
85795.211
85795.8
86021.211
86021.8
86063.211
86063.8
86080.211
86080.8
86121.211
86121.8
86136.211
86136.8
86143.211
86143.8
86161.211
86161.8
86172.211
86172.8
86184.211
86184.8
86209.211
86209.8
86234.211
86234.8
86327.4
86329.5
86550.8
86551.212
86609.2
86609.4
86809.2
86813.5
87209.3
88009.1
88178.8
88193.211
88193.8
88561.8
88562.212
88613.2
88613.4
88813.2
88829.5
89213.3
90013.1
90189.8
90243.211
90243.8
90277.211
90277.8
90308.211
90308.8
90653.8
90654.212
90709.2
90709.4
90909.2
90919.5
91309.3
92109.1
92368.8
92373.211
92373.8
92604.211
92604.8
92714.211
92714.8
92906.211
92906.8
92930.211
92930.8
93195.211
93195.8
93217.211
93217.8
93265.211
93265.8
93272.211
93272.8
93278.211
93278.8
93328.211
93328.8
93950.8
93951.212
94006.2
94006.4
94206.2
94227.5
94606.3
95406.1
95703.8
95710.211
95710.8
95802.211
95802.8
95830.211
95830.8
95836.211
95836.8
95850.211
95850.8
96594.8
96595.212
96598.8
96664.2
96664.4
96864.2
96889.5
97264.3
97513.4
97552.5
98064.1
98266.8
98780.8
98781.212
98844.2
98844.4
99044.2
99061.5
99444.3
100244.1
100488.8
100507.211
100507.8
100821.8
100822.212
100875.2
100875.4
101075.2
101107.5
101475.3
102275.1
102455.8
102542.211
102542.8
103038.8
103039.212
103087.2
103087.4
103287.2
103307.5
103687.3
104381.4
104393.5
104466.8
104487.1
104564.8
104582.211
104582.8
104598.211
104598.8
104636.211
104636.8
104685.211
104685.8
104800.211
104800.8
104827.211
104827.8
105231.8
105232.212
105290.2
105290.4
105490.2
105502.5
105890.3
106454.8
106470.8
106474.8
106690.1
106842.8
107237.8
107238.212
107298.2
107298.4
107495.5
107498.2
107898.3
108698.1
108872.8
108891.211
108891.8
109019.211
109019.8
109195.211
109195.8
109198.211
109198.8
109220.211
109220.8
109449.211
109449.8
109470.211
109470.8
109475.211
109475.8
109511.211
109511.8
109522.211
109522.8
109544.211
109544.8
109676.211
109676.8
110018.8
110019.212
110077.2
110077.4
110277.2
110293.5
110677.3
111477.1
111715.8
111841.211
111841.8
111855.211
111855.8
111879.211
111879.8
111907.211
111907.8
112267.8
112268.212
112324.2
112324.4
112524.2
112537.5
112924.3
113724.1
114143.8
114192.211
114192.8
114211.211
114211.8
114220.211
114220.8
114223.211
114223.8
114302.211
114302.8
114448.211
114448.8
114626.211
114626.8
114631.211
114631.8
114734.211
114734.8
114739.211
114739.8
114744.211
114744.8
114871.211
114871.8
115134.211
115134.8
115139.211
115139.8
115160.211
115160.8
115175.211
115175.8
115180.211
115180.8
115192.211
115192.8
115256.211
115256.8
115306.211
115306.8
115369.211
115369.8
115373.211
115373.8
115400.211
115400.8
115410.211
115410.8
115657.211
115657.8
115732.211
115732.8
115797.211
115797.8
115826.211
115826.8
116119.211
116119.8
116140.211
116140.8
116166.211
116166.8
116301.211
116301.8
116336.211
116336.8
116375.211
116375.8
116406.211
116406.8
116751.8
116752.212
116757.8
116804.2
116804.4
117004.2
117018.5
117404.3
118204.1
119072.8
119180.211
119180.8
119197.211
119197.8
119215.211
119215.8
119260.211
119260.8
119486.211
119486.8
119489.211
119489.8
119508.211
119508.8
119512.211
119512.8
119773.211
119773.8
119782.211
119782.8
119800.211
119800.8
119846.211
119846.8
119878.211
119878.8
119963.211
119963.8
119999.211
119999.8
120170.211
120170.8
120391.211
120391.8
120410.211
120410.8
120424.211
120424.8
120434.211
120434.8
120454.211
120454.8
120607.211
120607.8
120650.211
120650.8
120831.211
120831.8
120858.211
120858.8
120883.211
120883.8
120943.211
120943.8
120964.211
120964.8
121246.211
121246.8
121363.211
121363.8
121509.4
121518.5
121588.211
121588.8
121621.211
121621.8
121653.211
121653.8
121690.211
121690.8
121981.211
121981.8
122017.211
122017.8
122043.211
122043.8
122093.211
122093.8
122174.211
122174.8
122264.211
122264.8
122302.211
122302.8
122573.211
122573.8
122612.211
122612.8
122631.211
122631.8
122650.211
122650.8
122765.211
122765.8
122769.211
122769.8
122799.211
122799.8
122988.211
122988.8
123008.211
123008.8
123038.211
123038.8
123076.211
123076.8
123472.8
123473.212
123527.2
123527.4
123727.2
123742.5
124127.3
124927.1
126502.8
126510.211
126510.8
126516.211
126516.8
126534.211
126534.8
126541.211
126541.8
126921.8
126922.212
126984.2
126984.4
127184.2
127212.5
127584.3
128384.1
128546.8
128786.211
128786.8
128803.211
128803.8
128809.211
128809.8
128832.211
128832.8
128893.211
128893.8
128904.211
128904.8
128907.211
128907.8
128921.211
128921.8
129190.211
129190.8
129207.211
129207.8
129217.211
129217.8
129237.211
129237.8
129613.8
129614.212
129670.2
129670.4
129870.2
129892.5
130270.3
131070.1
131657.8
131692.211
131692.8
131833.211
131833.8
131897.211
131897.8
132244.8
132245.212
132303.2
132303.4
132503.2
132530.5
132903.3
133703.1
135744.8
136191.8
136192.212
136251.2
136251.4
136451.2
136465.5
136851.3
137651.1
138926.8
138951.211
138951.8
138957.211
138957.8
138979.211
138979.8
139027.211
139027.8
139247.211
139247.8
139403.211
139403.8
139736.8
139737.212
139793.2
139793.4
139993.2
140004.5
140393.3
141193.1
141225.8
141248.211
141248.8
141296.211
141296.8
141348.211
141348.8
141382.211
141382.8
141791.8
141792.212
141848.2
141848.4
142048.2
142063.5
142448.3
143079.4
143087.5
143248.1
143935.8
143990.211
143990.8
144214.4
144220.5
144312.8
144313.212
144370.2
144370.4
144570.2
144601.5
144970.3
145770.1
146175.8
146181.211
146181.8
146333.211
146333.8
146338.211
146338.8
146357.211
146357.8
146735.8
146736.212
146793.2
146793.4
146993.2
147006.5
147393.3
148193.1
148628.8
148705.211
148705.8
148727.211
148727.8
148925.211
148925.8
148933.211
148933.8
148949.211
148949.8
148952.211
148952.8
148958.211
148958.8
149002.211
149002.8
149403.8
149404.212
149460.2
149460.4
149660.2
149688.5
150060.3
150464.4
150473.5
150860.1
151001.8
151145.211
151145.8
151149.211
151149.8
151172.211
151172.8
151317.211
151317.8
151321.211
151321.8
151342.211
151342.8
151376.211
151376.8
151381.211
151381.8
151678.211
151678.8
151858.211
151858.8
151897.211
151897.8
152130.211
152130.8
152158.211
152158.8
152203.211
152203.8
152237.211
152237.8
152309.211
152309.8
152451.211
152451.8
152467.211
152467.8
152808.8
152809.212
152868.2
152868.4
153068.2
153100.5
153468.3
154268.1
154355.8
154359.211
154359.8
154385.211
154385.8
154726.8
154727.212
154730.8
154792.2
154792.4
154986.5
154992.2
155392.3
156192.1
156613.8
156617.211
156617.8
156637.211
156637.8
156641.211
156641.8
156642.211
156642.8
156710.211
156710.8
156776.211
156776.8
156817.211
156817.8
157111.211
157111.8
157147.211
157147.8
157429.211
157429.8
157455.211
157455.8
157891.8
157892.212
157946.2
157946.4
158146.2
158161.5
158546.3
159346.1
160304.8
160350.211
160350.8
160564.211
160564.8
160571.211
160571.8
160575.211
160575.8
160610.211
160610.8
160856.211
160856.8
160897.211
160897.8
160901.211
160901.8
160978.211
160978.8
161225.211
161225.8
161634.8
161635.212
161693.2
161693.4
161893.2
161908.5
162293.3
163093.1
163621.8
163671.211
163671.8
163689.211
163689.8
164203.8
164204.212
164255.2
164255.4
164455.2
164475.5
164855.3
165655.1
166449.8
168895.8
168896.212
168961.2
168961.4
169161.2
169177.5
169179.4
169180.5
169561.3
170361.1
170376.8
170399.211
170399.8
170421.211
170421.8
170534.211
170534.8
170609.211
170609.8
170707.211
170707.8
171054.8
171055.212
171112.2
171112.4
171312.2
171339.5
171712.3
172126.4
172143.5
172512.1
172589.8
172620.211
172620.8
172908.211
172908.8
172935.211
172935.8
173220.211
173220.8
173258.211
173258.8
174022.8
174023.212
174090.2
174090.4
174290.2
174318.5
174690.3
175490.1
175575.8
175620.211
175620.8
175628.211
175628.8
176094.8
176095.212
176154.2
176154.4
176351.5
176354.2
176754.3
177554.1
177891.8
177909.211
177909.8
177954.211
177954.8
178348.8
178349.212
178403.2
178403.4
178603.2
178634.5
179003.3
179481.6
179566.6
180000.9
123456789
4
09
17
4
09
17
0
0
0
1
15
11
59
15
44
59
6
2
2200
0
0
0
314159265
54
875
151
180000
314159265
0.1
274.8
300.211
300.8
301.211
301.8
349.211
349.8
847.8
848.212
908.2
908.4
914.5
915.4
1108.2
1132.5
1508.3
1741.8
1802.8
2168.8
2283.8
2286.8
2290.8
2308.1
2331.8
2398.211
2398.8
2416.211
2416.8
2448.211
2448.8
2450.211
2450.8
2497.211
2497.8
2533.211
2533.8
2550.211
2550.8
2622.211
2622.8
2641.211
2641.8
2869.211
2869.8
2891.211
2891.8
2915.211
2915.8
2917.211
2917.8
2943.211
2943.8
2964.211
2964.8
3000.211
3000.8
3002.211
3002.8
3071.211
3071.8
3159.211
3159.8
3390.211
3390.8
3395.211
3395.8
3437.211
3437.8
3456.211
3456.8
3543.211
3543.8
3684.211
3684.8
3696.211
3696.8
3710.211
3710.8
3732.211
3732.8
3784.211
3784.8
3796.211
3796.8
3826.211
3826.8
3884.211
3884.8
4236.8
4237.212
4295.2
4295.4
4495.2
4508.5
4895.3
5455.8
5695.1
5853.8
5863.211
5863.8
5907.211
5907.8
5996.211
5996.8
6067.211
6067.8
6362.211
6362.8
6408.211
6408.8
6444.211
6444.8
6615.211
6615.8
6623.211
6623.8
6686.211
6686.8
6706.211
6706.8
6764.211
6764.8
6778.211
6778.8
6806.211
6806.8
7113.8
7114.212
7168.2
7168.4
7368.2
7386.5
7387.4
7389.5
7768.3
8568.1
8703.8
8708.211
8708.8
8745.211
8745.8
8780.211
8780.8
8808.211
8808.8
8990.211
8990.8
8991.211
8991.8
9014.211
9014.8
9034.211
9034.8
9257.211
9257.8
9285.211
9285.8
9303.211
9303.8
9313.211
9313.8
9336.211
9336.8
9384.211
9384.8
9395.211
9395.8
9448.211
9448.8
9473.211
9473.8
9508.211
9508.8
9745.211
9745.8
9755.211
9755.8
9775.211
9775.8
9811.211
9811.8
9857.211
9857.8
9898.211
9898.8
9905.211
9905.8
9922.211
9922.8
9976.211
9976.8
9991.211
9991.8
10296.8
10297.212
10350.2
10350.4
10546.5
10550.2
10950.3
11737.8
11750.1
11779.8
11802.211
11802.8
11837.211
11837.8
11854.211
11854.8
11870.211
11870.8
11879.211
11879.8
12146.211
12146.8
12164.211
12164.8
12182.211
12182.8
12204.211
12204.8
12229.211
12229.8
12276.211
12276.8
12280.211
12280.8
12313.211
12313.8
12339.211
12339.8
12592.211
12592.8
12608.211
12608.8
12662.211
12662.8
12664.211
12664.8
12689.211
12689.8
12779.211
12779.8
12787.211
12787.8
12815.211
12815.8
13030.211
13030.8
13055.211
13055.8
13059.211
13059.8
13076.211
13076.8
13265.211
13265.8
13291.211
13291.8
13372.4
13382.5
13635.8
13636.212
13686.2
13686.4
13886.2
13901.5
14286.3
15034.8
15086.1
15243.8
15282.211
15282.8
15312.211
15312.8
15343.211
15343.8
15390.211
15390.8
15628.211
15628.8
15636.211
15636.8
15673.211
15673.8
15690.211
15690.8
15709.211
15709.8
15737.211
15737.8
15760.211
15760.8
15804.211
15804.8
15880.4
15884.5
15944.211
15944.8
15956.211
15956.8
15978.211
15978.8
16191.211
16191.8
16219.211
16219.8
16222.211
16222.8
16231.211
16231.8
16241.211
16241.8
16255.211
16255.8
16282.211
16282.8
16288.211
16288.8
16360.211
16360.8
16417.211
16417.8
16450.211
16450.8
16651.211
16651.8
16667.211
16667.8
16685.211
16685.8
16701.211
16701.8
16757.211
16757.8
16811.211
16811.8
17059.211
17059.8
17102.211
17102.8
17106.211
17106.8
17130.211
17130.8
17411.211
17411.8
17439.211
17439.8
17662.211
17662.8
17669.211
17669.8
17698.211
17698.8
17702.211
17702.8
17724.211
17724.8
17813.211
17813.8
17821.211
17821.8
17992.211
17992.8
18068.211
18068.8
18320.211
18320.8
18404.211
18404.8
18503.4
18514.5
18573.211
18573.8
18758.211
18758.8
18771.211
18771.8
18801.211
18801.8
18830.211
18830.8
19159.8
19160.212
19216.2
19216.4
19416.2
19435.5
19816.3
20616.1
20729.8
20752.211
20752.8
20794.211
20794.8
20800.211
20800.8
20998.211
20998.8
21005.211
21005.8
21080.211
21080.8
21208.211
21208.8
21370.211
21370.8
21374.211
21374.8
21408.211
21408.8
21418.211
21418.8
21449.211
21449.8
21616.211
21616.8
21636.211
21636.8
21641.211
21641.8
21643.211
21643.8
21691.211
21691.8
21713.211
21713.8
21779.211
21779.8
21991.211
21991.8
22065.211
22065.8
22183.211
22183.8
22212.211
22212.8
22353.211
22353.8
22367.211
22367.8
22397.211
22397.8
22421.211
22421.8
22615.211
22615.8
22631.211
22631.8
22641.211
22641.8
22664.211
22664.8
22691.211
22691.8
22871.211
22871.8
22879.211
22879.8
22905.211
22905.8
23095.211
23095.8
23099.211
23099.8
23128.211
23128.8
23180.211
23180.8
23311.211
23311.8
23551.211
23551.8
23556.211
23556.8
23599.211
23599.8
23622.211
23622.8
23641.211
23641.8
23713.4
23717.5
23760.4
23771.5
24631.8
24632.212
24684.2
24684.4
24867.5
24884.2
25284.3
25333.4
25343.5
25348.4
25368.5
25369.4
25379.5
25381.4
25529.5
25588.4
25614.5
25832.6
25843.6
25994.4
26038.5
26054.4
26055.5
26063.4
26064.5
26084.1
26124.8
26161.211
26161.8
26227.211
26227.8
26245.211
26245.8
26417.211
26417.8
26433.211
26433.8
26451.211
26451.8
26469.211
26469.8
26542.211
26542.8
26689.211
26689.8
26771.211
26771.8
26843.211
26843.8
26844.211
26844.8
26907.211
26907.8
26979.211
26979.8
27040.211
27040.8
27260.211
27260.8
27556.211
27556.8
27573.211
27573.8
27805.211
27805.8
27827.211
27827.8
27835.211
27835.8
27855.211
27855.8
28113.211
28113.8
28147.211
28147.8
28197.211
28197.8
28198.211
28198.8
28270.211
28270.8
28330.4
28338.5
28345.4
28351.5
28544.211
28544.8
28594.211
28594.8
28626.211
28626.8
28697.211
28697.8
28836.6
28931.211
28931.8
28937.211
28937.8
28964.211
28964.8
28975.211
28975.8
28985.211
28985.8
29058.4
29062.5
29193.4
29203.5
29256.211
29256.8
29261.211
29261.8
29265.211
29265.8
29292.211
29292.8
29509.211
29509.8
29515.211
29515.8
29547.211
29547.8
29769.211
29769.8
29772.211
29772.8
30040.211
30040.8
30071.211
30071.8
30077.211
30077.8
30286.211
30286.8
30294.211
30294.8
30358.211
30358.8
30565.211
30565.8
30586.211
30586.8
30610.211
30610.8
30737.211
30737.8
30755.211
30755.8
30961.4
30979.5
31230.8
31231.212
31282.2
31282.4
31482.2
31501.5
31882.3
31911.4
31918.5
32640.8
32682.1
33041.8
33047.211
33047.8
33064.211
33064.8
33075.211
33075.8
33106.211
33106.8
33396.211
33396.8
33637.211
33637.8
33887.211
33887.8
34102.211
34102.8
34124.211
34124.8
34146.211
34146.8
34394.211
34394.8
34422.211
34422.8
34742.8
34743.212
34803.2
34803.4
35003.2
35012.5
35403.3
35428.4
35450.5
35452.4
35456.5
35891.4
35895.5
36137.8
36203.1
36316.8
36598.211
36598.8
36623.211
36623.8
36628.211
36628.8
36632.211
36632.8
36654.211
36654.8
36882.211
36882.8
37212.8
37213.212
37267.2
37267.4
37458.5
37467.2
37867.3
37901.4
38121.5
38260.4
38295.5
38451.8
38453.8
38489.8
38548.4
38562.5
38568.4
38572.5
38575.4
38607.5
38610.4
38612.5
38613.4
38620.5
38646.4
38647.5
38667.1
38738.8
38764.211
38764.8
38864.4
38874.5
39039.211
39039.8
39060.211
39060.8
39085.211
39085.8
39156.211
39156.8
39223.211
39223.8
39227.211
39227.8
39231.211
39231.8
39449.211
39449.8
39498.211
39498.8
39530.211
39530.8
39598.4
39604.5
39879.8
39880.212
39932.2
39932.4
40127.5
40132.2
40532.3
40554.4
40610.5
40614.4
40619.5
40621.4
40628.5
41332.1
41451.8
41516.211
41516.8
41539.211
41539.8
41813.211
41813.8
41842.211
41842.8
41866.211
41866.8
41892.211
41892.8
41993.211
41993.8
42208.211
42208.8
42215.211
42215.8
42236.211
42236.8
42468.4
42490.5
42536.211
42536.8
42543.211
42543.8
42549.211
42549.8
42618.211
42618.8
42678.211
42678.8
42755.211
42755.8
42786.211
42786.8
42888.211
42888.8
42896.211
42896.8
42909.211
42909.8
42928.211
42928.8
43153.211
43153.8
43187.211
43187.8
43208.211
43208.8
43411.211
43411.8
43813.8
43814.212
43867.2
43867.4
44067.2
44074.5
44467.3
44978.8
45267.1
45397.8
45418.211
45418.8
45419.211
45419.8
45434.211
45434.8
45684.211
45684.8
45700.211
45700.8
45711.211
45711.8
45824.211
45824.8
46110.211
46110.8
46132.211
46132.8
46239.211
46239.8
46264.211
46264.8
46483.211
46483.8
46560.211
46560.8
46853.211
46853.8
46875.211
46875.8
46883.211
46883.8
47106.211
47106.8
47129.211
47129.8
47292.211
47292.8
47327.211
47327.8
47353.211
47353.8
47679.8
47680.212
47729.2
47729.4
47929.2
47933.5
48329.3
49129.1
49260.8
49767.8
49768.212
49820.2
49820.4
50020.2
50025.5
50420.3
51220.1
51323.8
51338.211
51338.8
51529.211
51529.8
51553.211
51553.8
51579.211
51579.8
51603.211
51603.8
51655.211
51655.8
51856.211
51856.8
51866.211
51866.8
51882.211
51882.8
52266.8
52267.212
52317.2
52317.4
52515.5
52517.2
52917.3
53544.6
53717.1
53869.8
53901.211
53901.8
53981.211
53981.8
54585.8
54586.212
54652.2
54652.4
54841.5
54852.2
55252.3
55824.8
56052.1
56196.8
56212.211
56212.8
56221.211
56221.8
56420.211
56420.8
56442.211
56442.8
56461.211
56461.8
56668.211
56668.8
56798.211
56798.8
57018.211
57018.8
57031.211
57031.8
57229.211
57229.8
57268.211
57268.8
57290.211
57290.8
57317.211
57317.8
57362.211
57362.8
57408.211
57408.8
57536.211
57536.8
57540.211
57540.8
57554.211
57554.8
57569.211
57569.8
57758.211
57758.8
57786.211
57786.8
57814.211
57814.8
57866.211
57866.8
58242.8
58243.212
58292.2
58292.4
58492.2
58510.5
58892.3
59692.1
59771.8
59990.211
59990.8
60026.211
60026.8
60027.211
60027.8
60063.211
60063.8
60097.211
60097.8
60335.211
60335.8
60340.211
60340.8
60344.211
60344.8
60359.211
60359.8
60420.211
60420.8
60666.211
60666.8
60685.211
60685.8
60718.211
60718.8
60742.211
60742.8
60846.211
60846.8
60908.211
60908.8
60917.211
60917.8
60953.211
60953.8
61174.211
61174.8
61185.211
61185.8
61225.211
61225.8
61258.211
61258.8
61598.8
61599.212
61657.2
61657.4
61857.2
61862.5
62257.3
63057.1
63304.8
63324.211
63324.8
63329.211
63329.8
63336.211
63336.8
63359.211
63359.8
63363.211
63363.8
63467.211
63467.8
63482.211
63482.8
63508.211
63508.8
63589.211
63589.8
63640.211
63640.8
63751.211
63751.8
63766.211
63766.8
63914.211
63914.8
64104.211
64104.8
64139.211
64139.8
64683.4
64689.5
64753.8
64754.212
64802.2
64802.4
65002.2
65006.5
65402.3
65433.4
65457.5
65462.4
65464.5
65513.4
65514.5
66202.1
66541.8
66583.211
66583.8
66596.211
66596.8
66860.211
66860.8
66877.211
66877.8
66889.211
66889.8
66892.211
66892.8
67155.211
67155.8
67179.211
67179.8
67201.211
67201.8
67224.211
67224.8
67231.211
67231.8
67261.211
67261.8
67424.211
67424.8
67448.211
67448.8
67457.211
67457.8
67480.211
67480.8
67535.211
67535.8
67815.211
67815.8
67915.211
67915.8
68009.211
68009.8
68209.211
68209.8
68224.211
68224.8
68245.211
68245.8
68280.211
68280.8
68392.211
68392.8
68528.211
68528.8
68532.211
68532.8
68552.211
68552.8
68581.211
68581.8
68823.211
68823.8
68825.211
68825.8
68827.211
68827.8
68831.211
68831.8
68850.211
68850.8
68863.211
68863.8
68897.211
68897.8
69114.211
69114.8
69318.211
69318.8
69348.211
69348.8
69361.211
69361.8
69474.4
69476.5
69492.4
69518.5
69804.8
69805.212
69857.2
69857.4
70057.2
70067.5
70457.3
71257.1
71353.8
71555.211
71555.8
71822.211
71822.8
71831.211
71831.8
71854.211
71854.8
72095.211
72095.8
72135.211
72135.8
72281.211
72281.8
72298.211
72298.8
72472.211
72472.8
72489.211
72489.8
72497.211
72497.8
72506.211
72506.8
72542.211
72542.8
72603.211
72603.8
72934.8
72935.212
72996.2
72996.4
73179.5
73180.4
73181.5
73196.2
73596.3
74361.8
74396.1
74428.8
74456.211
74456.8
74481.211
74481.8
74700.211
74700.8
74727.211
74727.8
74747.211
74747.8
74945.211
74945.8
74973.211
74973.8
75119.211
75119.8
75596.8
75597.212
75647.2
75647.4
75847.2
75852.5
76247.3
76512.4
76519.5
76542.4
76548.5
76567.4
76568.5
76669.4
76670.5
76743.6
76989.6
77009.6
77034.6
77047.1
77351.4
77361.5
77376.4
77377.5
77381.4
77384.5
77487.8
77508.211
77508.8
77572.4
77577.5
77606.4
77607.5
77775.211
77775.8
77778.211
77778.8
77918.211
77918.8
78114.211
78114.8
78142.211
78142.8
78175.211
78175.8
78440.211
78440.8
78869.8
78870.212
78932.2
78932.4
79120.5
79132.2
79532.3
79630.4
79662.5
80288.6
80332.1
80576.8
80596.211
80596.8
80617.211
80617.8
80660.211
80660.8
80889.211
80889.8
80904.211
80904.8
80935.211
80935.8
81154.211
81154.8
81187.211
81187.8
81205.211
81205.8
81235.211
81235.8
81237.211
81237.8
81424.211
81424.8
81451.211
81451.8
81465.211
81465.8
81492.211
81492.8
82167.4
82175.5
82186.4
82191.5
82408.8
82409.212
82463.2
82463.4
82663.2
82666.5
83063.3
83207.4
83235.5
83369.8
83691.8
83789.4
83815.5
83863.1
84164.8
84169.211
84169.8
84342.211
84342.8
84365.211
84365.8
84666.8
84667.212
84716.2
84716.4
84908.5
84916.2
85316.3
85496.4
85503.5
86116.1
86268.8
86750.8
86751.212
86801.2
86801.4
87001.2
87020.5
87401.3
87676.4
87680.5
87686.4
87687.5
88201.1
88619.8
88661.211
88661.8
88701.211
88701.8
88797.211
88797.8
88810.211
88810.8
88820.211
88820.8
89038.211
89038.8
89264.211
89264.8
89335.211
89335.8
89357.211
89357.8
89568.211
89568.8
89572.211
89572.8
89602.211
89602.8
90092.8
90093.212
90176.2
90176.4
90362.5
90376.2
90776.3
91576.1
92055.8
92094.211
92094.8
92622.8
92623.212
92677.2
92677.4
92877.2
92887.5
93277.3
94077.1
94207.8
94210.211
94210.8
94229.211
94229.8
94265.211
94265.8
94336.211
94336.8
94361.211
94361.8
94676.8
94677.212
94738.2
94738.4
94925.5
94938.2
95338.3
95592.4
95603.5
95604.4
95872.5
95880.4
96016.5
96138.1
96361.8
96392.211
96392.8
96730.8
96731.212
96785.2
96785.4
96985.2
96988.5
97385.3
97585.4
97594.5
98185.1
98428.8
98473.211
98473.8
98491.211
98491.8
98517.211
98517.8
98535.211
98535.8
98551.211
98551.8
98799.211
98799.8
98825.211
98825.8
98883.211
98883.8
99072.211
99072.8
99098.211
99098.8
99112.211
99112.8
99224.211
99224.8
99226.211
99226.8
99404.211
99404.8
99427.211
99427.8
99858.8
99859.212
99938.2
99938.4
100138.2
100151.5
100538.3
100752.4
100766.5
100809.4
100865.5
101338.1
101526.8
101582.211
101582.8
101626.211
101626.8
101656.211
101656.8
101941.211
101941.8
102091.211
102091.8
102190.211
102190.8
102424.211
102424.8
102428.211
102428.8
102460.211
102460.8
102513.211
102513.8
102660.211
102660.8
103153.8
103154.212
103212.2
103212.4
103412.2
103414.5
103415.4
103416.5
103812.3
104612.1
105417.8
105436.211
105436.8
105439.211
105439.8
105602.211
105602.8
105760.211
105760.8
106176.8
106177.212
106229.2
106229.4
106429.2
106439.5
106829.3
107003.4
107027.5
107086.4
107108.5
107116.4
107127.5
107138.4
107161.5
107166.4
107172.5
107175.4
107246.5
107253.4
107376.5
107391.4
107477.5
107484.4
107486.5
107629.1
107881.8
107909.211
107909.8
107952.211
107952.8
108586.8
108587.212
108637.2
108637.4
108837.2
108850.5
109237.3
109414.4
109432.5
110037.1
110078.8
110102.211
110102.8
110332.211
110332.8
110339.211
110339.8
110385.211
110385.8
110389.211
110389.8
110436.211
110436.8
110666.211
110666.8
111122.8
111123.212
111128.8
111189.2
111189.4
111195.5
111196.4
111371.5
111389.2
111789.3
112027.4
112047.5
112053.4
112070.5
112071.4
112072.5
112087.4
112100.5
112113.4
112141.5
112589.1
112791.8
112814.211
112814.8
112904.211
112904.8
112925.211
112925.8
112931.211
112931.8
113315.8
113316.212
113366.2
113366.4
113566.2
113572.5
113966.3
114766.1
114914.8
114941.211
114941.8
115173.211
115173.8
115199.211
115199.8
115283.211
115283.8
115330.211
115330.8
115332.211
115332.8
115354.211
115354.8
115645.211
115645.8
115710.211
115710.8
115732.211
115732.8
115988.211
115988.8
116001.211
116001.8
116113.211
116113.8
116126.211
116126.8
116153.211
116153.8
116339.211
116339.8
116362.211
116362.8
116413.211
116413.8
116416.211
116416.8
116459.211
116459.8
116482.211
116482.8
116486.211
116486.8
116514.211
116514.8
116550.211
116550.8
116670.211
116670.8
117104.8
117105.212
117162.2
117162.4
117362.2
117374.5
117762.3
118562.1
118961.8
118967.211
118967.8
118993.211
118993.8
119023.211
119023.8
119048.211
119048.8
119117.211
119117.8
119144.211
119144.8
119163.211
119163.8
119177.211
119177.8
119189.211
119189.8
119581.8
119582.212
119638.2
119638.4
119836.5
119838.2
120238.3
120823.8
121038.1
121138.8
121455.8
121456.212
121513.2
121513.4
121711.5
121713.2
122113.3
122723.6
122913.1
123083.8
123335.211
123335.8
123348.211
123348.8
123388.211
123388.8
123597.211
123597.8
123986.8
123987.212
124085.2
124085.4
124285.2
124302.5
124685.3
125485.1
125875.8
125926.211
125926.8
125930.211
125930.8
125970.211
125970.8
125973.211
125973.8
125982.211
125982.8
126090.211
126090.8
126240.211
126240.8
126248.211
126248.8
126293.211
126293.8
126297.211
126297.8
126535.211
126535.8
126570.211
126570.8
126628.211
126628.8
126647.211
126647.8
126788.211
126788.8
127026.211
127026.8
127030.211
127030.8
127053.211
127053.8
127057.211
127057.8
127061.211
127061.8
127086.211
127086.8
127323.211
127323.8
127394.211
127394.8
127643.211
127643.8
127675.211
127675.8
127973.211
127973.8
127994.211
127994.8
128058.211
128058.8
128127.4
128246.5
128316.211
128316.8
128325.211
128325.8
128354.211
128354.8
128371.211
128371.8
128635.211
128635.8
128677.211
128677.8
128715.211
128715.8
128837.211
128837.8
129048.211
129048.8
129058.211
129058.8
129254.211
129254.8
129278.211
129278.8
129327.211
129327.8
129346.211
129346.8
129580.211
129580.8
129600.211
129600.8
129635.211
129635.8
129920.211
129920.8
129926.211
129926.8
130139.211
130139.8
130261.4
130276.5
130323.211
130323.8
130342.211
130342.8
130353.211
130353.8
130357.211
130357.8
130375.211
130375.8
130565.211
130565.8
130578.211
130578.8
130611.211
130611.8
130626.211
130626.8
130965.8
130966.212
131020.2
131020.4
131220.2
131249.5
131620.3
132420.1
132920.8
132935.211
132935.8
132951.211
132951.8
132958.211
132958.8
133179.211
133179.8
133224.211
133224.8
133348.211
133348.8
133495.211
133495.8
133964.8
133965.212
133970.8
134019.2
134019.4
134219.2
134248.5
134619.3
134816.4
134876.5
135028.6
135209.6
135419.1
136401.8
136407.211
136407.8
136480.211
136480.8
136867.8
136868.212
136932.2
136932.4
137130.5
137132.2
137532.3
137634.4
137650.5
138208.6
138332.1
139299.8
139300.211
139300.8
139325.211
139325.8
139344.211
139344.8
139415.211
139415.8
139436.211
139436.8
139782.8
139783.212
139840.2
139840.4
140040.2
140054.5
140440.3
141240.1
143163.8
143188.211
143188.8
143199.211
143199.8
143237.211
143237.8
143268.211
143268.8
143273.211
143273.8
143277.211
143277.8
143295.211
143295.8
143325.211
143325.8
143332.211
143332.8
143356.211
143356.8
143394.211
143394.8
143634.211
143634.8
143645.211
143645.8
143658.211
143658.8
143679.211
143679.8
143724.211
143724.8
143783.211
143783.8
143996.211
143996.8
144057.211
144057.8
144118.211
144118.8
144478.8
144479.212
144539.2
144539.4
144739.2
144756.5
145139.3
145939.1
146883.8
146899.211
146899.8
146918.211
146918.8
146938.211
146938.8
146981.211
146981.8
147076.211
147076.8
147089.211
147089.8
147134.211
147134.8
147168.211
147168.8
147275.211
147275.8
147536.211
147536.8
147654.211
147654.8
147687.211
147687.8
147935.211
147935.8
147940.211
147940.8
147945.211
147945.8
147950.211
147950.8
147954.211
147954.8
147963.211
147963.8
147970.211
147970.8
147983.211
147983.8
148002.211
148002.8
148337.8
148338.212
148396.2
148396.4
148596.2
148597.5
148996.3
149796.1
150745.8
150774.211
150774.8
150800.211
150800.8
150815.211
150815.8
150833.211
150833.8
150837.211
150837.8
151929.8
151930.212
151993.2
151993.4
152193.2
152200.5
152593.3
153014.4
153023.5
153393.1
154013.8
154035.211
154035.8
154309.211
154309.8
154566.211
154566.8
154625.211
154625.8
154683.211
154683.8
154734.211
154734.8
154942.211
154942.8
155213.211
155213.8
155219.211
155219.8
155241.211
155241.8
155253.211
155253.8
155268.211
155268.8
155341.211
155341.8
155851.8
155852.212
155917.2
155917.4
156117.2
156126.5
156517.3
157317.1
158683.8
159618.6
159877.4
159901.5
160074.6
160388.8
160389.212
160444.2
160444.4
160644.2
160664.5
161044.3
161332.4
161373.5
161844.1
162804.8
162810.211
162810.8
162859.211
162859.8
162881.211
162881.8
162910.211
162910.8
164565.4
164574.5
164596.4
164655.5
164903.8
164904.212
165047.2
165047.4
165247.2
165267.5
165647.3
165817.4
165834.5
166283.8
166447.1
166837.8
166851.211
166851.8
167319.8
167320.212
167321.8
167378.2
167378.4
167578.2
167595.5
167597.4
167600.5
167978.3
168414.4
168458.5
168497.4
168501.5
168778.1
169145.6
170183.8
170374.211
170374.8
170411.211
170411.8
171900.8
171901.212
171978.2
171978.4
172174.5
172178.2
172578.3
173378.1
175168.8
175191.211
175191.8
175217.211
175217.8
175301.211
175301.8
175317.211
175317.8
175564.211
175564.8
175684.211
175684.8
176284.8
176285.212
176517.8
176550.8
176553.8
176587.8
176912.2
176912.4
177112.2
177122.5
177512.3
178312.1
179199.8
179238.211
179238.8
179839.8
179840.212
180000.9
123456789
4
10
17
4
10
17
0
0
0
1
14
59
18
15
32
18
6
2
1824
0
0
0
314159265
57
657
178
180000
314159265
0.1
233.8
247.211
247.8
270.211
270.8
277.211
277.8
300.211
300.8
417.211
417.8
626.4
633.5
726.8
727.212
795.2
795.4
803.5
809.4
995.2
1029.5
1395.3
1868.8
1914.8
1930.8
1947.8
1950.8
2151.8
2195.1
2204.8
2336.211
2336.8
2370.211
2370.8
2409.211
2409.8
2442.211
2442.8
2450.211
2450.8
2667.211
2667.8
2686.211
2686.8
2697.211
2697.8
2706.211
2706.8
2724.211
2724.8
2782.211
2782.8
2789.211
2789.8
2799.211
2799.8
2832.211
2832.8
2875.211
2875.8
2882.211
2882.8
2911.211
2911.8
2968.211
2968.8
3296.8
3297.212
3373.2
3373.4
3377.5
3385.4
3573.2
3621.5
3779.4
3797.5
3843.4
3853.5
3973.3
4277.8
4285.8
4306.8
4316.8
4323.8
4360.8
4371.8
4393.8
4509.8
4520.8
4524.8
4539.8
4572.8
4590.8
4644.8
4773.1
4856.8
4860.211
4860.8
4865.211
4865.8
4886.211
4886.8
4894.211
4894.8
4905.211
4905.8
4934.211
4934.8
4976.211
4976.8
5005.211
5005.8
5018.211
5018.8
5047.211
5047.8
5227.211
5227.8
5239.211
5239.8
5256.211
5256.8
5281.211
5281.8
5317.211
5317.8
5334.211
5334.8
5615.211
5615.8
5658.211
5658.8
5671.211
5671.8
5694.211
5694.8
5730.211
5730.8
5761.211
5761.8
5982.211
5982.8
6022.211
6022.8
6121.211
6121.8
6335.211
6335.8
6352.211
6352.8
6378.211
6378.8
6779.4
6788.5
6882.8
6883.212
6940.2
6940.4
7140.2
7150.5
7540.3
8340.1
8447.8
8483.211
8483.8
8755.211
8755.8
8774.211
8774.8
8790.211
8790.8
8817.211
8817.8
8845.211
8845.8
8921.211
8921.8
8936.211
8936.8
9221.211
9221.8
9236.211
9236.8
9923.8
9924.212
9973.2
9973.4
9977.5
9980.4
10173.2
10185.5
10464.4
10486.5
10573.3
11373.1
11492.8
11524.211
11524.8
11543.211
11543.8
11570.211
11570.8
11874.8
11875.212
11947.2
11947.4
11963.5
11967.4
12124.5
12147.2
12547.3
13347.1
13558.8
13588.211
13588.8
13634.211
13634.8
13654.211
13654.8
13802.211
13802.8
13886.211
13886.8
14180.211
14180.8
14750.8
14751.212
14757.8
14812.2
14812.4
15000.5
15012.2
15340.4
15351.5
15412.3
16212.1
16527.8
16630.211
16630.8
16693.211
16693.8
17108.8
17109.212
17160.2
17160.4
17360.2
17362.5
17760.3
18560.1
18781.8
18863.211
18863.8
18878.211
18878.8
18901.211
18901.8
18940.211
18940.8
19126.211
19126.8
19144.211
19144.8
19188.211
19188.8
19217.211
19217.8
19425.211
19425.8
19487.211
19487.8
19613.4
19649.5
19743.211
19743.8
19787.211
19787.8
19847.211
19847.8
20492.8
20493.212
20548.2
20548.4
20748.2
20759.5
21148.3
21948.1
22226.8
22455.211
22455.8
22480.211
22480.8
22483.211
22483.8
22533.211
22533.8
22536.211
22536.8
22755.211
22755.8
23377.8
23378.212
23430.2
23430.4
23630.2
23630.5
24030.3
24531.4
24541.5
24807.6
24830.1
25116.8
25361.211
25361.8
25672.8
25673.212
25727.2
25727.4
25909.5
25927.2
26327.3
26349.4
26384.5
26764.6
27127.1
27314.8
27454.211
27454.8
27641.211
27641.8
27647.211
27647.8
27858.211
27858.8
27878.211
27878.8
27910.211
27910.8
27934.211
27934.8
28128.211
28128.8
28296.211
28296.8
28347.211
28347.8
28380.211
28380.8
28451.4
28458.5
28563.211
28563.8
28598.211
28598.8
28628.211
28628.8
28830.211
28830.8
28875.211
28875.8
29370.8
29371.212
29427.2
29427.4
29608.5
29615.4
29616.5
29627.2
30019.4
30026.5
30027.3
30827.1
31463.8
31679.211
31679.8
32057.8
32058.212
32115.2
32115.4
32296.5
32315.2
32715.3
32732.4
32747.5
33515.1
33850.8
33855.211
33855.8
34500.8
34501.212
34550.2
34550.4
34750.2
34759.5
35150.3
35666.6
35873.6
35947.6
35950.1
36333.8
36376.211
36376.8
36646.211
36646.8
36714.211
36714.8
36717.211
36717.8
36803.211
36803.8
36874.211
36874.8
36947.211
36947.8
37012.211
37012.8
37020.211
37020.8
37286.211
37286.8
37322.211
37322.8
37351.211
37351.8
37564.211
37564.8
37984.8
37985.212
38038.2
38038.4
38227.5
38233.4
38235.5
38238.2
38638.3
38910.8
39076.8
39120.8
39321.8
39338.8
39402.8
39438.1
39514.4
39524.5
39573.8
39596.211
39596.8
39603.211
39603.8
39640.211
39640.8
39689.211
39689.8
39721.211
39721.8
39737.211
39737.8
39964.211
39964.8
40126.211
40126.8
40263.211
40263.8
40494.211
40494.8
40626.211
40626.8
40636.211
40636.8
40673.211
40673.8
40711.211
40711.8
40839.211
40839.8
40901.4
40907.5
40979.211
40979.8
41273.211
41273.8
41648.8
41649.212
41707.2
41707.4
41884.5
41907.2
42307.3
42366.4
42368.5
42370.4
42403.5
42406.4
42463.5
42624.4
42625.5
42628.4
42629.5
42750.6
42918.4
42926.5
43014.4
43015.5
43043.4
43048.5
43074.4
43075.5
43107.1
43226.8
43686.8
43687.212
43735.2
43735.4
43739.5
43740.4
43743.5
43744.4
43935.2
43939.5
44335.3
44454.4
44484.5
44522.4
44529.5
44530.4
44574.5
44578.4
44584.5
44618.4
44690.5
44691.4
44693.5
45078.6
45135.1
45231.8
45237.211
45237.8
45524.211
45524.8
45526.211
45526.8
45573.211
45573.8
45893.8
45894.212
45946.2
45946.4
46141.5
46146.2
46546.3
46571.4
46588.5
46590.4
46620.5
47346.1
47585.8
47623.211
47623.8
47654.211
47654.8
47659.211
47659.8
48582.8
48583.212
48639.2
48639.4
48826.5
48839.2
49231.4
49239.3
49246.5
49260.4
49268.5
49289.4
49294.5
49295.4
49330.5
49332.4
49377.5
49393.4
49484.5
50039.1
50198.8
50282.211
50282.8
50497.211
50497.8
50525.211
50525.8
50566.211
50566.8
50590.211
50590.8
50610.211
50610.8
50905.211
50905.8
50968.211
50968.8
50979.211
50979.8
51022.211
51022.8
51141.211
51141.8
51604.8
51605.212
51652.2
51652.4
51852.2
51861.5
52252.3
52444.4
52456.5
53052.1
53244.8
53799.8
53800.212
53862.2
53862.4
54055.5
54062.2
54462.3
54494.4
54508.5
54510.4
54516.5
54522.4
54536.5
54537.4
54571.5
54575.4
54581.5
54592.4
54593.5
54599.4
54673.5
55262.1
55360.8
55375.211
55375.8
55377.211
55377.8
55442.211
55442.8
55467.211
55467.8
55666.211
55666.8
55763.211
55763.8
55789.211
55789.8
55837.211
55837.8
55856.211
55856.8
56118.211
56118.8
56157.211
56157.8
56163.211
56163.8
56189.211
56189.8
56224.211
56224.8
56238.211
56238.8
56249.211
56249.8
56374.211
56374.8
56376.211
56376.8
56740.8
56741.212
56788.2
56788.4
56988.2
56990.5
57388.3
57440.4
57452.5
57457.4
57478.5
57479.4
57509.5
57525.4
57550.5
58188.1
58337.8
58365.211
58365.8
58419.211
58419.8
58422.211
58422.8
58468.211
58468.8
58485.211
58485.8
58642.211
58642.8
58677.211
58677.8
58700.211
58700.8
58951.211
58951.8
58983.211
58983.8
58989.211
58989.8
58992.211
58992.8
59037.211
59037.8
59041.211
59041.8
59048.211
59048.8
59065.211
59065.8
59071.211
59071.8
59153.211
59153.8
59221.4
59229.5
59287.211
59287.8
59349.211
59349.8
59370.211
59370.8
59534.211
59534.8
59818.211
59818.8
59841.211
59841.8
60080.4
60090.5
60493.8
60494.212
60543.2
60543.4
60743.2
60755.5
61095.4
61124.5
61143.3
61943.1
62535.8
62547.211
62547.8
62623.211
62623.8
62739.211
62739.8
62932.211
62932.8
63270.8
63271.212
63323.2
63323.4
63517.5
63523.2
63894.4
63915.5
63919.4
63923.3
63993.5
64723.1
65089.8
65092.211
65092.8
65151.211
65151.8
65417.211
65417.8
65488.211
65488.8
65533.211
65533.8
66411.8
66412.212
66474.2
66474.4
66664.5
66674.2
67074.3
67130.4
67139.5
67144.4
67174.5
67177.4
67205.5
67211.4
67216.5
67222.4
67259.5
67284.4
67386.5
67874.1
68073.8
68077.211
68077.8
68104.211
68104.8
68109.211
68109.8
68283.211
68283.8
68293.211
68293.8
68320.211
68320.8
68323.211
68323.8
68659.8
68660.212
68711.2
68711.4
68911.2
68918.5
69311.3
69385.4
69429.5
70111.1
70549.8
70554.211
70554.8
70576.211
70576.8
70620.211
70620.8
70627.211
70627.8
70657.211
70657.8
70722.211
70722.8
70939.211
70939.8
70943.211
70943.8
71024.211
71024.8
71275.211
71275.8
71705.8
71706.212
71759.2
71759.4
71959.2
71975.5
72359.3
72561.4
72588.5
72604.4
72653.5
73159.1
73715.8
73741.211
73741.8
73768.211
73768.8
73773.211
73773.8
73850.211
73850.8
73865.211
73865.8
73867.211
73867.8
73916.211
73916.8
74040.211
74040.8
74179.211
74179.8
74301.211
74301.8
74877.8
74878.212
74934.2
74934.4
75125.5
75134.2
75534.3
75616.4
75650.5
75656.4
75658.5
75668.4
75705.5
76334.1
76411.8
76415.211
76415.8
76434.211
76434.8
76487.211
76487.8
76662.211
76662.8
76690.211
76690.8
76938.211
76938.8
76941.211
76941.8
76965.211
76965.8
76970.211
76970.8
77102.211
77102.8
77109.211
77109.8
77413.8
77414.212
77473.2
77473.4
77667.5
77673.2
78073.3
78244.4
78279.5
78302.4
78323.5
78873.1
79383.8
79399.211
79399.8
79453.211
79453.8
79510.211
79510.8
79697.211
79697.8
79863.211
79863.8
79934.211
79934.8
80196.211
80196.8
80243.211
80243.8
80261.211
80261.8
80295.211
80295.8
80490.4
80494.5
80496.4
80533.5
80583.211
80583.8
80607.211
80607.8
80627.211
80627.8
80632.211
80632.8
80654.211
80654.8
80656.211
80656.8
80717.211
80717.8
80721.211
80721.8
80961.211
80961.8
80970.211
80970.8
81003.211
81003.8
81132.211
81132.8
81271.4
81310.5
81363.211
81363.8
81378.211
81378.8
81741.8
81742.212
81800.2
81800.4
81992.5
82000.2
82400.3
82548.4
82559.5
83200.1
83551.8
83839.211
83839.8
84195.8
84196.212
84249.2
84249.4
84449.2
84458.5
84849.3
84948.4
85015.5
85035.4
85060.5
85062.4
85070.5
85084.4
85190.5
85649.1
86017.8
86021.211
86021.8
86157.211
86157.8
86198.211
86198.8
86202.211
86202.8
86232.211
86232.8
86373.211
86373.8
86383.211
86383.8
86411.211
86411.8
86426.211
86426.8
86548.211
86548.8
86592.211
86592.8
86812.211
86812.8
86986.211
86986.8
87321.8
87322.212
87379.2
87379.4
87566.5
87579.2
87979.3
88001.4
88041.5
88064.4
88085.5
88779.1
89055.8
89316.211
89316.8
89346.211
89346.8
89367.211
89367.8
89397.211
89397.8
89428.211
89428.8
89500.211
89500.8
89696.211
89696.8
89707.211
89707.8
89714.211
89714.8
90022.8
90023.212
90093.2
90093.4
90288.5
90293.2
90693.3
91493.1
92014.8
92017.211
92017.8
92028.211
92028.8
92032.211
92032.8
92057.211
92057.8
92162.211
92162.8
92183.211
92183.8
92185.211
92185.8
92194.211
92194.8
92338.211
92338.8
92457.211
92457.8
92495.211
92495.8
92797.8
92798.212
92860.2
92860.4
93060.2
93065.5
93460.3
94260.1
95235.8
95419.211
95419.8
95554.211
95554.8
95583.211
95583.8
95658.211
95658.8
95811.211
95811.8
95899.211
95899.8
95917.211
95917.8
96048.211
96048.8
96087.211
96087.8
96345.211
96345.8
96365.211
96365.8
96518.211
96518.8
96524.211
96524.8
96612.211
96612.8
96633.211
96633.8
96956.8
96957.212
97008.2
97008.4
97208.2
97223.5
97556.4
97558.5
97562.4
97601.5
97608.3
98408.1
99015.8
99156.211
99156.8
99279.211
99279.8
99623.8
99624.212
99683.2
99683.4
99883.2
99897.5
100283.3
100424.4
100425.5
100431.4
100440.5
101083.1
101333.4
101342.5
101708.8
101723.211
101723.8
101846.211
101846.8
101923.211
101923.8
101960.211
101960.8
102018.211
102018.8
102030.211
102030.8
102039.211
102039.8
102042.211
102042.8
102048.211
102048.8
102336.211
102336.8
102418.211
102418.8
102477.211
102477.8
102591.211
102591.8
102608.211
102608.8
102645.211
102645.8
102818.211
102818.8
102831.211
102831.8
102879.211
102879.8
102893.211
102893.8
102922.211
102922.8
102960.211
102960.8
102972.211
102972.8
103222.211
103222.8
103257.211
103257.8
103322.211
103322.8
103634.8
103635.212
103693.2
103693.4
103893.2
103902.5
104293.3
105093.1
106228.8
106271.211
106271.8
106354.211
106354.8
106357.211
106357.8
106578.211
106578.8
106972.8
106973.212
107029.2
107029.4
107229.2
107246.5
107629.3
107658.4
107686.5
107701.4
107709.5
107714.4
107719.5
108215.6
108407.4
108413.5
108429.1
108794.8
108819.211
108819.8
108919.211
108919.8
108928.211
108928.8
108975.211
108975.8
109098.211
109098.8
109121.211
109121.8
109279.211
109279.8
109299.211
109299.8
109332.211
109332.8
109353.211
109353.8
109501.211
109501.8
109525.211
109525.8
109529.211
109529.8
109765.211
109765.8
109825.211
109825.8
109834.211
109834.8
109907.211
109907.8
110240.8
110241.212
110298.2
110298.4
110495.5
110498.2
110898.3
110950.4
110969.5
110977.4
110983.5
110997.4
111027.5
111035.4
111083.5
111698.1
112747.8
112958.211
112958.8
113313.8
113314.212
113374.2
113374.4
113565.5
113574.2
113974.3
114774.1
117270.8
117280.211
117280.8
117294.211
117294.8
117667.8
117668.212
117726.2
117726.4
117926.2
117944.5
118326.3
119112.6
119126.1
119537.4
119540.5
119590.8
119624.211
119624.8
119628.211
119628.8
119656.211
119656.8
119699.211
119699.8
119708.211
119708.8
119988.211
119988.8
120076.211
120076.8
120355.211
120355.8
120365.211
120365.8
120403.211
120403.8
120434.211
120434.8
120439.211
120439.8
120563.211
120563.8
120610.211
120610.8
120768.211
120768.8
120844.211
120844.8
120859.211
120859.8
120893.211
120893.8
121059.211
121059.8
121064.211
121064.8
121067.211
121067.8
121094.211
121094.8
121113.211
121113.8
121149.211
121149.8
121177.211
121177.8
121471.211
121471.8
121495.211
121495.8
121529.211
121529.8
121557.211
121557.8
121560.211
121560.8
121944.8
121945.212
121999.2
121999.4
122199.2
122222.5
122599.3
122841.4
122847.5
123399.1
124306.6
124524.4
124549.5
124554.4
124617.5
124700.8
124882.4
124890.5
124912.4
124914.5
124918.4
124920.5
124989.211
124989.8
125069.211
125069.8
125098.211
125098.8
125101.211
125101.8
125114.211
125114.8
125128.211
125128.8
125154.211
125154.8
125167.211
125167.8
125176.211
125176.8
125192.211
125192.8
125199.211
125199.8
125211.211
125211.8
125277.4
125283.5
125395.4
125405.5
125482.211
125482.8
125535.211
125535.8
125542.211
125542.8
125559.211
125559.8
125579.211
125579.8
125787.211
125787.8
125842.211
125842.8
125933.211
125933.8
125961.211
125961.8
125969.211
125969.8
126140.211
126140.8
126159.211
126159.8
126164.211
126164.8
126190.211
126190.8
126205.211
126205.8
126376.211
126376.8
126447.211
126447.8
126450.211
126450.8
126746.211
126746.8
126766.211
126766.8
126917.211
126917.8
126948.211
126948.8
127455.8
127456.212
127509.2
127509.4
127709.2
127717.5
128109.3
128388.4
128390.5
128392.4
128403.5
128909.1
129657.8
129695.211
129695.8
129715.211
129715.8
129742.211
129742.8
129775.211
129775.8
129806.211
129806.8
130631.6
130893.8
130894.212
130948.2
130948.4
130960.5
130967.4
131148.2
131166.5
131548.3
131732.4
131746.5
132348.1
133709.8
133930.211
133930.8
134083.211
134083.8
134369.211
134369.8
134559.211
134559.8
134568.211
134568.8
134775.211
134775.8
134777.211
134777.8
134811.211
134811.8
134983.4
135023.5
135075.211
135075.8
135129.211
135129.8
135283.4
135286.5
135504.8
135505.212
135561.2
135561.4
135761.2
135780.5
136161.3
136961.1
138645.8
138730.211
138730.8
138794.211
138794.8
138955.211
138955.8
138981.211
138981.8
139714.8
139715.212
139773.2
139773.4
139973.2
139984.5
140373.3
141173.1
142102.8
142589.8
142590.212
142649.2
142649.4
142849.2
142854.5
143249.3
144049.1
144198.8
144224.211
144224.8
144540.8
144541.212
144616.2
144616.4
144807.5
144816.2
145216.3
146016.1
147465.8
147632.211
147632.8
147636.211
147636.8
147670.211
147670.8
147796.211
147796.8
147835.211
147835.8
147841.211
147841.8
147845.211
147845.8
147998.211
147998.8
148005.211
148005.8
148073.211
148073.8
148106.211
148106.8
148191.211
148191.8
148225.211
148225.8
148404.211
148404.8
148439.211
148439.8
148474.211
148474.8
148490.211
148490.8
148493.211
148493.8
149260.8
149261.212
149323.2
149323.4
149523.2
149539.5
149923.3
150090.4
150109.5
150723.1
153352.8
153377.211
153377.8
153424.211
153424.8
153503.211
153503.8
153624.211
153624.8
153659.211
153659.8
153692.211
153692.8
153734.211
153734.8
153766.211
153766.8
153770.211
153770.8
153788.211
153788.8
153848.211
153848.8
153882.211
153882.8
154022.211
154022.8
154028.211
154028.8
154036.211
154036.8
154058.211
154058.8
154063.211
154063.8
154068.211
154068.8
154099.211
154099.8
154191.211
154191.8
154675.8
154676.212
154724.2
154724.4
154924.2
154941.5
155324.3
156124.1
157035.6
157441.8
157803.8
157804.212
157863.2
157863.4
158063.2
158068.5
158463.3
159263.1
159529.8
159556.211
159556.8
159982.8
159983.212
160039.2
160039.4
160046.5
160049.4
160239.2
160268.5
160639.3
160859.4
160892.5
161439.1
161807.6
162479.6
163035.4
163045.5
163441.8
163470.211
163470.8
163475.211
163475.8
163632.211
163632.8
164035.8
164036.212
164096.2
164096.4
164296.2
164315.5
164696.3
165136.8
165153.8
165197.8
165217.8
165223.8
165496.1
165848.8
166262.8
166263.212
166315.2
166315.4
166316.5
166318.4
166515.2
166520.5
166915.3
167445.8
167446.8
167715.1
167995.8
168265.4
168305.5
168403.8
168404.212
168452.2
168452.4
168652.2
168672.5
169052.3
169852.1
170268.8
170289.211
170289.8
170293.211
170293.8
170332.211
170332.8
170687.8
170688.212
170736.2
170736.4
170936.2
170961.5
171336.3
172136.1
173118.8
173140.211
173140.8
173144.211
173144.8
173190.211
173190.8
173403.211
173403.8
173415.211
173415.8
173418.211
173418.8
174320.8
174321.212
174374.2
174374.4
174574.2
174588.5
174974.3
175774.1
176718.4
176740.5
176869.8
176946.211
176946.8
177030.211
177030.8
177392.8
177393.212
177443.2
177443.4
177643.2
177665.5
178043.3
178843.1
180000.9
123456789
